MAX=(0.8173333333333334, 0.81, 0.70000000000000007, 0.25, 2)=(cvAcc, testAcc, C, gamma, degree)
(degree,C)=(2,0.01): 
 a=[0.015625   0.488;0.03125   0.488;0.0625   0.488;0.125   0.488;0.25   0.488;0.5   0.706666666667;1   0.782666666667;2   0.810666666667;4   0.792;8   0.768;16   0.746666666667;32   0.735333333333;]
(degree,C)=(2,0.02): 
 a=[0.015625   0.488;0.03125   0.488;0.0625   0.488;0.125   0.488;0.25   0.522666666667;0.5   0.754;1   0.801333333333;2   0.802666666667;4   0.774666666667;8   0.752;16   0.736;32   0.735333333333;]
(degree,C)=(2,0.03): 
 a=[0.015625   0.488;0.03125   0.488;0.0625   0.488;0.125   0.488;0.25   0.660666666667;0.5   0.777333333333;1   0.808;2   0.798;4   0.772;8   0.75;16   0.735333333333;32   0.735333333333;]
(degree,C)=(2,0.04): 
 a=[0.015625   0.488;0.03125   0.488;0.0625   0.488;0.125   0.488;0.25   0.706666666667;0.5   0.782666666667;1   0.810666666667;2   0.792;4   0.768;8   0.746666666667;16   0.735333333333;32   0.735333333333;]
(degree,C)=(2,0.05): 
 a=[0.015625   0.488;0.03125   0.488;0.0625   0.488;0.125   0.488;0.25   0.733333333333;0.5   0.792;1   0.812666666667;2   0.784;4   0.760666666667;8   0.744;16   0.735333333333;32   0.735333333333;]
(degree,C)=(2,0.06): 
 a=[0.015625   0.488;0.03125   0.488;0.0625   0.488;0.125   0.49;0.25   0.742666666667;0.5   0.799333333333;1   0.811333333333;2   0.78;4   0.750666666667;8   0.741333333333;16   0.735333333333;32   0.735333333333;]
(degree,C)=(2,0.07): 
 a=[0.015625   0.488;0.03125   0.488;0.0625   0.488;0.125   0.499333333333;0.25   0.748666666667;0.5   0.797333333333;1   0.804666666667;2   0.778;4   0.750666666667;8   0.740666666667;16   0.735333333333;32   0.735333333333;]
(degree,C)=(2,0.08): 
 a=[0.015625   0.488;0.03125   0.488;0.0625   0.488;0.125   0.522666666667;0.25   0.754;0.5   0.801333333333;1   0.802666666667;2   0.774666666667;4   0.752;8   0.736;16   0.735333333333;32   0.735333333333;]
(degree,C)=(2,0.09): 
 a=[0.015625   0.488;0.03125   0.488;0.0625   0.488;0.125   0.552;0.25   0.762666666667;0.5   0.805333333333;1   0.801333333333;2   0.773333333333;4   0.750666666667;8   0.736;16   0.735333333333;32   0.735333333333;]
(degree,C)=(2,0.1): 
 a=[0.015625   0.488;0.03125   0.488;0.0625   0.488;0.125   0.604;0.25   0.770666666667;0.5   0.804666666667;1   0.801333333333;2   0.772;4   0.749333333333;8   0.736666666667;16   0.735333333333;32   0.735333333333;]
(degree,C)=(2,0.11): 
 a=[0.015625   0.488;0.03125   0.488;0.0625   0.488;0.125   0.633333333333;0.25   0.775333333333;0.5   0.808;1   0.800666666667;2   0.772;4   0.748;8   0.735333333333;16   0.735333333333;32   0.735333333333;]
(degree,C)=(2,0.12): 
 a=[0.015625   0.488;0.03125   0.488;0.0625   0.488;0.125   0.660666666667;0.25   0.777333333333;0.5   0.808;1   0.798;2   0.772;4   0.75;8   0.735333333333;16   0.735333333333;32   0.735333333333;]
(degree,C)=(2,0.13): 
 a=[0.015625   0.488;0.03125   0.488;0.0625   0.488;0.125   0.68;0.25   0.778666666667;0.5   0.806666666667;1   0.797333333333;2   0.773333333333;4   0.746666666667;8   0.735333333333;16   0.735333333333;32   0.735333333333;]
(degree,C)=(2,0.14): 
 a=[0.015625   0.488;0.03125   0.488;0.0625   0.488;0.125   0.696;0.25   0.778666666667;0.5   0.808666666667;1   0.795333333333;2   0.770666666667;4   0.746;8   0.735333333333;16   0.735333333333;32   0.735333333333;]
(degree,C)=(2,0.15): 
 a=[0.015625   0.488;0.03125   0.488;0.0625   0.488;0.125   0.704;0.25   0.784;0.5   0.81;1   0.794;2   0.769333333333;4   0.746;8   0.735333333333;16   0.735333333333;32   0.735333333333;]
(degree,C)=(2,0.16): 
 a=[0.015625   0.488;0.03125   0.488;0.0625   0.488;0.125   0.706666666667;0.25   0.782666666667;0.5   0.810666666667;1   0.792;2   0.768;4   0.746666666667;8   0.735333333333;16   0.735333333333;32   0.735333333333;]
(degree,C)=(2,0.17): 
 a=[0.015625   0.488;0.03125   0.488;0.0625   0.488;0.125   0.714666666667;0.25   0.785333333333;0.5   0.815333333333;1   0.792666666667;2   0.764;4   0.746;8   0.735333333333;16   0.735333333333;32   0.735333333333;]
(degree,C)=(2,0.18): 
 a=[0.015625   0.488;0.03125   0.488;0.0625   0.488;0.125   0.729333333333;0.25   0.788;0.5   0.816666666667;1   0.792;2   0.763333333333;4   0.745333333333;8   0.735333333333;16   0.735333333333;32   0.735333333333;]
(degree,C)=(2,0.19): 
 a=[0.015625   0.488;0.03125   0.488;0.0625   0.488;0.125   0.731333333333;0.25   0.79;0.5   0.815333333333;1   0.788;2   0.764666666667;4   0.744666666667;8   0.735333333333;16   0.735333333333;32   0.735333333333;]
(degree,C)=(2,0.2): 
 a=[0.015625   0.488;0.03125   0.488;0.0625   0.488;0.125   0.733333333333;0.25   0.792;0.5   0.812666666667;1   0.784;2   0.760666666667;4   0.744;8   0.735333333333;16   0.735333333333;32   0.735333333333;]
(degree,C)=(2,0.21): 
 a=[0.015625   0.488;0.03125   0.488;0.0625   0.488666666667;0.125   0.737333333333;0.25   0.794;0.5   0.813333333333;1   0.783333333333;2   0.758;4   0.741333333333;8   0.735333333333;16   0.735333333333;32   0.735333333333;]
(degree,C)=(2,0.22): 
 a=[0.015625   0.488;0.03125   0.488;0.0625   0.488666666667;0.125   0.738666666667;0.25   0.795333333333;0.5   0.814666666667;1   0.783333333333;2   0.757333333333;4   0.742666666667;8   0.735333333333;16   0.735333333333;32   0.735333333333;]
(degree,C)=(2,0.23): 
 a=[0.015625   0.488;0.03125   0.488;0.0625   0.489333333333;0.125   0.742;0.25   0.797333333333;0.5   0.812666666667;1   0.783333333333;2   0.752666666667;4   0.742666666667;8   0.735333333333;16   0.735333333333;32   0.735333333333;]
(degree,C)=(2,0.24): 
 a=[0.015625   0.488;0.03125   0.488;0.0625   0.49;0.125   0.742666666667;0.25   0.799333333333;0.5   0.811333333333;1   0.78;2   0.750666666667;4   0.741333333333;8   0.735333333333;16   0.735333333333;32   0.735333333333;]
(degree,C)=(2,0.25): 
 a=[0.015625   0.488;0.03125   0.488;0.0625   0.491333333333;0.125   0.742666666667;0.25   0.798;0.5   0.812;1   0.779333333333;2   0.752666666667;4   0.741333333333;8   0.735333333333;16   0.735333333333;32   0.735333333333;]
(degree,C)=(2,0.26): 
 a=[0.015625   0.488;0.03125   0.488;0.0625   0.492666666667;0.125   0.746;0.25   0.798;0.5   0.808666666667;1   0.778;2   0.752;4   0.740666666667;8   0.735333333333;16   0.735333333333;32   0.735333333333;]
(degree,C)=(2,0.27): 
 a=[0.015625   0.488;0.03125   0.488;0.0625   0.493333333333;0.125   0.748666666667;0.25   0.797333333333;0.5   0.806666666667;1   0.778666666667;2   0.752;4   0.739333333333;8   0.735333333333;16   0.735333333333;32   0.735333333333;]
(degree,C)=(2,0.28): 
 a=[0.015625   0.488;0.03125   0.488;0.0625   0.499333333333;0.125   0.748666666667;0.25   0.797333333333;0.5   0.804666666667;1   0.778;2   0.750666666667;4   0.740666666667;8   0.735333333333;16   0.735333333333;32   0.735333333333;]
(degree,C)=(2,0.29): 
 a=[0.015625   0.488;0.03125   0.488;0.0625   0.505333333333;0.125   0.748666666667;0.25   0.798;0.5   0.804666666667;1   0.778;2   0.749333333333;4   0.74;8   0.735333333333;16   0.735333333333;32   0.735333333333;]
(degree,C)=(2,0.3): 
 a=[0.015625   0.488;0.03125   0.488;0.0625   0.512666666667;0.125   0.75;0.25   0.800666666667;0.5   0.802666666667;1   0.776666666667;2   0.750666666667;4   0.738;8   0.735333333333;16   0.735333333333;32   0.735333333333;]
(degree,C)=(2,0.31): 
 a=[0.015625   0.488;0.03125   0.488;0.0625   0.516666666667;0.125   0.751333333333;0.25   0.802;0.5   0.802666666667;1   0.776;2   0.750666666667;4   0.736666666667;8   0.735333333333;16   0.735333333333;32   0.735333333333;]
(degree,C)=(2,0.32): 
 a=[0.015625   0.488;0.03125   0.488;0.0625   0.522666666667;0.125   0.754;0.25   0.801333333333;0.5   0.802666666667;1   0.774666666667;2   0.752;4   0.736;8   0.735333333333;16   0.735333333333;32   0.735333333333;]
(degree,C)=(2,0.33): 
 a=[0.015625   0.488;0.03125   0.488;0.0625   0.526;0.125   0.754666666667;0.25   0.802666666667;0.5   0.803333333333;1   0.774666666667;2   0.752666666667;4   0.736;8   0.735333333333;16   0.735333333333;32   0.735333333333;]
(degree,C)=(2,0.34): 
 a=[0.015625   0.488;0.03125   0.488;0.0625   0.533333333333;0.125   0.757333333333;0.25   0.803333333333;0.5   0.803333333333;1   0.773333333333;2   0.752666666667;4   0.735333333333;8   0.735333333333;16   0.735333333333;32   0.735333333333;]
(degree,C)=(2,0.35): 
 a=[0.015625   0.488;0.03125   0.488;0.0625   0.542;0.125   0.760666666667;0.25   0.803333333333;0.5   0.802;1   0.774;2   0.752666666667;4   0.735333333333;8   0.735333333333;16   0.735333333333;32   0.735333333333;]
(degree,C)=(2,0.36): 
 a=[0.015625   0.488;0.03125   0.488;0.0625   0.552;0.125   0.762666666667;0.25   0.805333333333;0.5   0.801333333333;1   0.773333333333;2   0.750666666667;4   0.736;8   0.735333333333;16   0.735333333333;32   0.735333333333;]
(degree,C)=(2,0.37): 
 a=[0.015625   0.488;0.03125   0.488;0.0625   0.564;0.125   0.766;0.25   0.804666666667;0.5   0.801333333333;1   0.774;2   0.75;4   0.736;8   0.735333333333;16   0.735333333333;32   0.735333333333;]
(degree,C)=(2,0.38): 
 a=[0.015625   0.488;0.03125   0.488;0.0625   0.574;0.125   0.769333333333;0.25   0.805333333333;0.5   0.802;1   0.772;2   0.75;4   0.736;8   0.735333333333;16   0.735333333333;32   0.735333333333;]
(degree,C)=(2,0.39): 
 a=[0.015625   0.488;0.03125   0.488;0.0625   0.586;0.125   0.769333333333;0.25   0.805333333333;0.5   0.802666666667;1   0.771333333333;2   0.748666666667;4   0.736;8   0.735333333333;16   0.735333333333;32   0.735333333333;]
(degree,C)=(2,0.4): 
 a=[0.015625   0.488;0.03125   0.488;0.0625   0.604;0.125   0.770666666667;0.25   0.804666666667;0.5   0.801333333333;1   0.772;2   0.749333333333;4   0.736666666667;8   0.735333333333;16   0.735333333333;32   0.735333333333;]
(degree,C)=(2,0.41): 
 a=[0.015625   0.488;0.03125   0.488;0.0625   0.612666666667;0.125   0.772666666667;0.25   0.806;0.5   0.802;1   0.771333333333;2   0.748;4   0.736666666667;8   0.735333333333;16   0.735333333333;32   0.735333333333;]
(degree,C)=(2,0.42): 
 a=[0.015625   0.488;0.03125   0.488;0.0625   0.620666666667;0.125   0.773333333333;0.25   0.807333333333;0.5   0.802;1   0.772666666667;2   0.748;4   0.736;8   0.735333333333;16   0.735333333333;32   0.735333333333;]
(degree,C)=(2,0.43): 
 a=[0.015625   0.488;0.03125   0.488;0.0625   0.623333333333;0.125   0.774;0.25   0.807333333333;0.5   0.801333333333;1   0.772;2   0.748666666667;4   0.736;8   0.735333333333;16   0.735333333333;32   0.735333333333;]
(degree,C)=(2,0.44): 
 a=[0.015625   0.488;0.03125   0.488;0.0625   0.633333333333;0.125   0.775333333333;0.25   0.808;0.5   0.800666666667;1   0.772;2   0.748;4   0.735333333333;8   0.735333333333;16   0.735333333333;32   0.735333333333;]
(degree,C)=(2,0.45): 
 a=[0.015625   0.488;0.03125   0.488;0.0625   0.638666666667;0.125   0.777333333333;0.25   0.808;0.5   0.800666666667;1   0.770666666667;2   0.749333333333;4   0.735333333333;8   0.735333333333;16   0.735333333333;32   0.735333333333;]
(degree,C)=(2,0.46): 
 a=[0.015625   0.488;0.03125   0.488;0.0625   0.645333333333;0.125   0.777333333333;0.25   0.808;0.5   0.799333333333;1   0.770666666667;2   0.75;4   0.735333333333;8   0.735333333333;16   0.735333333333;32   0.735333333333;]
(degree,C)=(2,0.47): 
 a=[0.015625   0.488;0.03125   0.488;0.0625   0.652666666667;0.125   0.778;0.25   0.808;0.5   0.798666666667;1   0.77;2   0.749333333333;4   0.735333333333;8   0.735333333333;16   0.735333333333;32   0.735333333333;]
(degree,C)=(2,0.48): 
 a=[0.015625   0.488;0.03125   0.488;0.0625   0.660666666667;0.125   0.777333333333;0.25   0.808;0.5   0.798;1   0.772;2   0.75;4   0.735333333333;8   0.735333333333;16   0.735333333333;32   0.735333333333;]
(degree,C)=(2,0.49): 
 a=[0.015625   0.488;0.03125   0.488;0.0625   0.669333333333;0.125   0.777333333333;0.25   0.809333333333;0.5   0.798;1   0.772;2   0.749333333333;4   0.735333333333;8   0.735333333333;16   0.735333333333;32   0.735333333333;]
(degree,C)=(2,0.5): 
 a=[0.015625   0.488;0.03125   0.488;0.0625   0.673333333333;0.125   0.777333333333;0.25   0.806666666667;0.5   0.796666666667;1   0.772;2   0.748;4   0.735333333333;8   0.735333333333;16   0.735333333333;32   0.735333333333;]
(degree,C)=(2,0.51): 
 a=[0.015625   0.488;0.03125   0.488;0.0625   0.678;0.125   0.777333333333;0.25   0.806666666667;0.5   0.797333333333;1   0.772666666667;2   0.747333333333;4   0.735333333333;8   0.735333333333;16   0.735333333333;32   0.735333333333;]
(degree,C)=(2,0.52): 
 a=[0.015625   0.488;0.03125   0.488;0.0625   0.68;0.125   0.778666666667;0.25   0.806666666667;0.5   0.797333333333;1   0.773333333333;2   0.746666666667;4   0.735333333333;8   0.735333333333;16   0.735333333333;32   0.735333333333;]
(degree,C)=(2,0.53): 
 a=[0.015625   0.488;0.03125   0.488;0.0625   0.682666666667;0.125   0.778;0.25   0.806666666667;0.5   0.797333333333;1   0.771333333333;2   0.746666666667;4   0.735333333333;8   0.735333333333;16   0.735333333333;32   0.735333333333;]
(degree,C)=(2,0.54): 
 a=[0.015625   0.488;0.03125   0.488;0.0625   0.687333333333;0.125   0.778;0.25   0.806666666667;0.5   0.797333333333;1   0.771333333333;2   0.746666666667;4   0.735333333333;8   0.735333333333;16   0.735333333333;32   0.735333333333;]
(degree,C)=(2,0.55): 
 a=[0.015625   0.488;0.03125   0.488;0.0625   0.695333333333;0.125   0.778666666667;0.25   0.807333333333;0.5   0.797333333333;1   0.770666666667;2   0.746666666667;4   0.735333333333;8   0.735333333333;16   0.735333333333;32   0.735333333333;]
(degree,C)=(2,0.56): 
 a=[0.015625   0.488;0.03125   0.488;0.0625   0.696;0.125   0.778666666667;0.25   0.808666666667;0.5   0.795333333333;1   0.770666666667;2   0.746;4   0.735333333333;8   0.735333333333;16   0.735333333333;32   0.735333333333;]
(degree,C)=(2,0.57): 
 a=[0.015625   0.488;0.03125   0.488;0.0625   0.698;0.125   0.781333333333;0.25   0.809333333333;0.5   0.797333333333;1   0.771333333333;2   0.745333333333;4   0.735333333333;8   0.735333333333;16   0.735333333333;32   0.735333333333;]
(degree,C)=(2,0.58): 
 a=[0.015625   0.488;0.03125   0.488;0.0625   0.699333333333;0.125   0.783333333333;0.25   0.81;0.5   0.796666666667;1   0.77;2   0.745333333333;4   0.735333333333;8   0.735333333333;16   0.735333333333;32   0.735333333333;]
(degree,C)=(2,0.59): 
 a=[0.015625   0.488;0.03125   0.488;0.0625   0.704;0.125   0.784666666667;0.25   0.81;0.5   0.794666666667;1   0.769333333333;2   0.746;4   0.735333333333;8   0.735333333333;16   0.735333333333;32   0.735333333333;]
(degree,C)=(2,0.6): 
 a=[0.015625   0.488;0.03125   0.488;0.0625   0.704;0.125   0.784;0.25   0.81;0.5   0.794;1   0.769333333333;2   0.746;4   0.735333333333;8   0.735333333333;16   0.735333333333;32   0.735333333333;]
(degree,C)=(2,0.61): 
 a=[0.015625   0.488;0.03125   0.488;0.0625   0.704;0.125   0.783333333333;0.25   0.81;0.5   0.794;1   0.770666666667;2   0.745333333333;4   0.735333333333;8   0.735333333333;16   0.735333333333;32   0.735333333333;]
(degree,C)=(2,0.62): 
 a=[0.015625   0.488;0.03125   0.488;0.0625   0.704666666667;0.125   0.783333333333;0.25   0.810666666667;0.5   0.792666666667;1   0.768666666667;2   0.746;4   0.735333333333;8   0.735333333333;16   0.735333333333;32   0.735333333333;]
(degree,C)=(2,0.63): 
 a=[0.015625   0.488;0.03125   0.488;0.0625   0.706;0.125   0.782666666667;0.25   0.811333333333;0.5   0.792666666667;1   0.768;2   0.746;4   0.735333333333;8   0.735333333333;16   0.735333333333;32   0.735333333333;]
(degree,C)=(2,0.64): 
 a=[0.015625   0.488;0.03125   0.488;0.0625   0.706666666667;0.125   0.782666666667;0.25   0.810666666667;0.5   0.792;1   0.768;2   0.746666666667;4   0.735333333333;8   0.735333333333;16   0.735333333333;32   0.735333333333;]
(degree,C)=(2,0.65): 
 a=[0.015625   0.488;0.03125   0.488;0.0625   0.708;0.125   0.783333333333;0.25   0.810666666667;0.5   0.791333333333;1   0.766666666667;2   0.746;4   0.735333333333;8   0.735333333333;16   0.735333333333;32   0.735333333333;]
(degree,C)=(2,0.66): 
 a=[0.015625   0.488;0.03125   0.488;0.0625   0.708666666667;0.125   0.784;0.25   0.812666666667;0.5   0.791333333333;1   0.765333333333;2   0.746;4   0.735333333333;8   0.735333333333;16   0.735333333333;32   0.735333333333;]
(degree,C)=(2,0.67): 
 a=[0.015625   0.488;0.03125   0.488;0.0625   0.714;0.125   0.785333333333;0.25   0.814;0.5   0.792666666667;1   0.765333333333;2   0.746;4   0.735333333333;8   0.735333333333;16   0.735333333333;32   0.735333333333;]
(degree,C)=(2,0.68): 
 a=[0.015625   0.488;0.03125   0.488;0.0625   0.714666666667;0.125   0.785333333333;0.25   0.815333333333;0.5   0.792666666667;1   0.764;2   0.746;4   0.735333333333;8   0.735333333333;16   0.735333333333;32   0.735333333333;]
(degree,C)=(2,0.69): 
 a=[0.015625   0.488;0.03125   0.488;0.0625   0.721333333333;0.125   0.784666666667;0.25   0.815333333333;0.5   0.792;1   0.764;2   0.744666666667;4   0.735333333333;8   0.735333333333;16   0.735333333333;32   0.735333333333;]
(degree,C)=(2,0.7): 
 a=[0.015625   0.488;0.03125   0.488;0.0625   0.720666666667;0.125   0.784666666667;0.25   0.817333333333;0.5   0.792;1   0.764;2   0.744666666667;4   0.735333333333;8   0.735333333333;16   0.735333333333;32   0.735333333333;]
(degree,C)=(2,0.71): 
 a=[0.015625   0.488;0.03125   0.488;0.0625   0.727333333333;0.125   0.786;0.25   0.816666666667;0.5   0.792;1   0.764;2   0.745333333333;4   0.735333333333;8   0.735333333333;16   0.735333333333;32   0.735333333333;]
(degree,C)=(2,0.72): 
 a=[0.015625   0.488;0.03125   0.488;0.0625   0.729333333333;0.125   0.788;0.25   0.816666666667;0.5   0.792;1   0.763333333333;2   0.745333333333;4   0.735333333333;8   0.735333333333;16   0.735333333333;32   0.735333333333;]
(degree,C)=(2,0.73): 
 a=[0.015625   0.488;0.03125   0.488;0.0625   0.73;0.125   0.79;0.25   0.816666666667;0.5   0.791333333333;1   0.764666666667;2   0.744666666667;4   0.735333333333;8   0.735333333333;16   0.735333333333;32   0.735333333333;]
(degree,C)=(2,0.74): 
 a=[0.015625   0.488;0.03125   0.488;0.0625   0.732666666667;0.125   0.79;0.25   0.815333333333;0.5   0.790666666667;1   0.764666666667;2   0.744666666667;4   0.735333333333;8   0.735333333333;16   0.735333333333;32   0.735333333333;]
(degree,C)=(2,0.75): 
 a=[0.015625   0.488;0.03125   0.488;0.0625   0.732666666667;0.125   0.789333333333;0.25   0.815333333333;0.5   0.788;1   0.765333333333;2   0.744666666667;4   0.735333333333;8   0.735333333333;16   0.735333333333;32   0.735333333333;]
(degree,C)=(2,0.76): 
 a=[0.015625   0.488;0.03125   0.488;0.0625   0.731333333333;0.125   0.79;0.25   0.815333333333;0.5   0.788;1   0.764666666667;2   0.744666666667;4   0.735333333333;8   0.735333333333;16   0.735333333333;32   0.735333333333;]
(degree,C)=(2,0.77): 
 a=[0.015625   0.488;0.03125   0.488;0.0625   0.731333333333;0.125   0.791333333333;0.25   0.813333333333;0.5   0.786666666667;1   0.764666666667;2   0.745333333333;4   0.735333333333;8   0.735333333333;16   0.735333333333;32   0.735333333333;]
(degree,C)=(2,0.78): 
 a=[0.015625   0.488;0.03125   0.488;0.0625   0.731333333333;0.125   0.790666666667;0.25   0.813333333333;0.5   0.786;1   0.763333333333;2   0.744666666667;4   0.735333333333;8   0.735333333333;16   0.735333333333;32   0.735333333333;]
(degree,C)=(2,0.79): 
 a=[0.015625   0.488;0.03125   0.488;0.0625   0.732;0.125   0.791333333333;0.25   0.812666666667;0.5   0.786;1   0.761333333333;2   0.744;4   0.735333333333;8   0.735333333333;16   0.735333333333;32   0.735333333333;]
(degree,C)=(2,0.8): 
 a=[0.015625   0.488;0.03125   0.488;0.0625   0.733333333333;0.125   0.792;0.25   0.812666666667;0.5   0.784;1   0.760666666667;2   0.744;4   0.735333333333;8   0.735333333333;16   0.735333333333;32   0.735333333333;]
(degree,C)=(2,0.81): 
 a=[0.015625   0.488;0.03125   0.488666666667;0.0625   0.734666666667;0.125   0.792666666667;0.25   0.813333333333;0.5   0.784666666667;1   0.760666666667;2   0.744;4   0.735333333333;8   0.735333333333;16   0.735333333333;32   0.735333333333;]
(degree,C)=(2,0.82): 
 a=[0.015625   0.488;0.03125   0.488666666667;0.0625   0.736;0.125   0.793333333333;0.25   0.814;0.5   0.784;1   0.758666666667;2   0.743333333333;4   0.735333333333;8   0.735333333333;16   0.735333333333;32   0.735333333333;]
(degree,C)=(2,0.83): 
 a=[0.015625   0.488;0.03125   0.488666666667;0.0625   0.737333333333;0.125   0.792666666667;0.25   0.814;0.5   0.784;1   0.758;2   0.742666666667;4   0.735333333333;8   0.735333333333;16   0.735333333333;32   0.735333333333;]
(degree,C)=(2,0.84): 
 a=[0.015625   0.488;0.03125   0.488666666667;0.0625   0.737333333333;0.125   0.794;0.25   0.813333333333;0.5   0.783333333333;1   0.758;2   0.741333333333;4   0.735333333333;8   0.735333333333;16   0.735333333333;32   0.735333333333;]
(degree,C)=(2,0.85): 
 a=[0.015625   0.488;0.03125   0.488666666667;0.0625   0.737333333333;0.125   0.793333333333;0.25   0.812666666667;0.5   0.784;1   0.758666666667;2   0.741333333333;4   0.735333333333;8   0.735333333333;16   0.735333333333;32   0.735333333333;]
(degree,C)=(2,0.86): 
 a=[0.015625   0.488;0.03125   0.488666666667;0.0625   0.737333333333;0.125   0.793333333333;0.25   0.814666666667;0.5   0.784;1   0.758;2   0.741333333333;4   0.735333333333;8   0.735333333333;16   0.735333333333;32   0.735333333333;]
(degree,C)=(2,0.87): 
 a=[0.015625   0.488;0.03125   0.488666666667;0.0625   0.74;0.125   0.793333333333;0.25   0.814666666667;0.5   0.784;1   0.758;2   0.742666666667;4   0.735333333333;8   0.735333333333;16   0.735333333333;32   0.735333333333;]
(degree,C)=(2,0.88): 
 a=[0.015625   0.488;0.03125   0.488666666667;0.0625   0.738666666667;0.125   0.795333333333;0.25   0.814666666667;0.5   0.783333333333;1   0.757333333333;2   0.742666666667;4   0.735333333333;8   0.735333333333;16   0.735333333333;32   0.735333333333;]
(degree,C)=(2,0.89): 
 a=[0.015625   0.488;0.03125   0.488666666667;0.0625   0.740666666667;0.125   0.795333333333;0.25   0.814666666667;0.5   0.784;1   0.756666666667;2   0.742666666667;4   0.735333333333;8   0.735333333333;16   0.735333333333;32   0.735333333333;]
(degree,C)=(2,0.9): 
 a=[0.015625   0.488;0.03125   0.488666666667;0.0625   0.741333333333;0.125   0.794666666667;0.25   0.812666666667;0.5   0.783333333333;1   0.755333333333;2   0.742;4   0.735333333333;8   0.735333333333;16   0.735333333333;32   0.735333333333;]
(degree,C)=(2,0.91): 
 a=[0.015625   0.488;0.03125   0.489333333333;0.0625   0.742666666667;0.125   0.796;0.25   0.812666666667;0.5   0.783333333333;1   0.753333333333;2   0.742;4   0.735333333333;8   0.735333333333;16   0.735333333333;32   0.735333333333;]
(degree,C)=(2,0.92): 
 a=[0.015625   0.488;0.03125   0.489333333333;0.0625   0.742;0.125   0.797333333333;0.25   0.812666666667;0.5   0.783333333333;1   0.752666666667;2   0.742666666667;4   0.735333333333;8   0.735333333333;16   0.735333333333;32   0.735333333333;]
(degree,C)=(2,0.93): 
 a=[0.015625   0.488;0.03125   0.489333333333;0.0625   0.741333333333;0.125   0.797333333333;0.25   0.812666666667;0.5   0.783333333333;1   0.752;2   0.742666666667;4   0.735333333333;8   0.735333333333;16   0.735333333333;32   0.735333333333;]
(degree,C)=(2,0.94): 
 a=[0.015625   0.488;0.03125   0.489333333333;0.0625   0.742;0.125   0.798666666667;0.25   0.812;0.5   0.782;1   0.751333333333;2   0.742666666667;4   0.735333333333;8   0.735333333333;16   0.735333333333;32   0.735333333333;]
(degree,C)=(2,0.95): 
 a=[0.015625   0.488;0.03125   0.49;0.0625   0.742;0.125   0.798666666667;0.25   0.811333333333;0.5   0.782;1   0.751333333333;2   0.741333333333;4   0.735333333333;8   0.735333333333;16   0.735333333333;32   0.735333333333;]
(degree,C)=(2,0.96): 
 a=[0.015625   0.488;0.03125   0.49;0.0625   0.742666666667;0.125   0.799333333333;0.25   0.811333333333;0.5   0.78;1   0.750666666667;2   0.741333333333;4   0.735333333333;8   0.735333333333;16   0.735333333333;32   0.735333333333;]
(degree,C)=(2,0.97): 
 a=[0.015625   0.488;0.03125   0.490666666667;0.0625   0.743333333333;0.125   0.8;0.25   0.811333333333;0.5   0.779333333333;1   0.751333333333;2   0.741333333333;4   0.735333333333;8   0.735333333333;16   0.735333333333;32   0.735333333333;]
(degree,C)=(2,0.98): 
 a=[0.015625   0.488;0.03125   0.491333333333;0.0625   0.744;0.125   0.798;0.25   0.811333333333;0.5   0.779333333333;1   0.752666666667;2   0.742;4   0.735333333333;8   0.735333333333;16   0.735333333333;32   0.735333333333;]
(degree,C)=(2,0.99): 
 a=[0.015625   0.488;0.03125   0.491333333333;0.0625   0.744;0.125   0.797333333333;0.25   0.812;0.5   0.779333333333;1   0.752666666667;2   0.742;4   0.735333333333;8   0.735333333333;16   0.735333333333;32   0.735333333333;]
(degree,C)=(2,1.0): 
 a=[0.015625   0.488;0.03125   0.491333333333;0.0625   0.742666666667;0.125   0.798;0.25   0.812;0.5   0.779333333333;1   0.752666666667;2   0.741333333333;4   0.735333333333;8   0.735333333333;16   0.735333333333;32   0.735333333333;]
(degree,C)=(3,0.01): 
 a=[0.015625   0.494666666667;0.03125   0.494666666667;0.0625   0.494666666667;0.125   0.494666666667;0.25   0.488;0.5   0.724;1   0.787333333333;2   0.773333333333;4   0.73;8   0.703333333333;16   0.703333333333;32   0.703333333333;]
(degree,C)=(3,0.02): 
 a=[0.015625   0.494666666667;0.03125   0.494666666667;0.0625   0.494666666667;0.125   0.494666666667;0.25   0.498;0.5   0.765333333333;1   0.79;2   0.756666666667;4   0.708;8   0.703333333333;16   0.703333333333;32   0.703333333333;]
(degree,C)=(3,0.03): 
 a=[0.015625   0.494666666667;0.03125   0.494666666667;0.0625   0.494666666667;0.125   0.494666666667;0.25   0.526666666667;0.5   0.77;1   0.78;2   0.754;4   0.706666666667;8   0.703333333333;16   0.703333333333;32   0.703333333333;]
(degree,C)=(3,0.04): 
 a=[0.015625   0.494666666667;0.03125   0.494666666667;0.0625   0.494666666667;0.125   0.494666666667;0.25   0.590666666667;0.5   0.774;1   0.786;2   0.745333333333;4   0.702666666667;8   0.703333333333;16   0.703333333333;32   0.703333333333;]
(degree,C)=(3,0.05): 
 a=[0.015625   0.494666666667;0.03125   0.494666666667;0.0625   0.494666666667;0.125   0.494666666667;0.25   0.654;0.5   0.782666666667;1   0.784;2   0.740666666667;4   0.703333333333;8   0.703333333333;16   0.703333333333;32   0.703333333333;]
(degree,C)=(3,0.06): 
 a=[0.015625   0.494666666667;0.03125   0.494666666667;0.0625   0.494666666667;0.125   0.493333333333;0.25   0.682;0.5   0.784;1   0.78;2   0.733333333333;4   0.703333333333;8   0.703333333333;16   0.703333333333;32   0.703333333333;]
(degree,C)=(3,0.07): 
 a=[0.015625   0.494666666667;0.03125   0.494666666667;0.0625   0.494666666667;0.125   0.49;0.25   0.708;0.5   0.784666666667;1   0.775333333333;2   0.731333333333;4   0.703333333333;8   0.703333333333;16   0.703333333333;32   0.703333333333;]
(degree,C)=(3,0.08): 
 a=[0.015625   0.494666666667;0.03125   0.494666666667;0.0625   0.494666666667;0.125   0.488;0.25   0.724;0.5   0.787333333333;1   0.773333333333;2   0.73;4   0.703333333333;8   0.703333333333;16   0.703333333333;32   0.703333333333;]
(degree,C)=(3,0.09): 
 a=[0.015625   0.494666666667;0.03125   0.494666666667;0.0625   0.494666666667;0.125   0.489333333333;0.25   0.737333333333;0.5   0.786;1   0.772666666667;2   0.726666666667;4   0.703333333333;8   0.703333333333;16   0.703333333333;32   0.703333333333;]
(degree,C)=(3,0.1): 
 a=[0.015625   0.494666666667;0.03125   0.494666666667;0.0625   0.494666666667;0.125   0.490666666667;0.25   0.744666666667;0.5   0.786;1   0.766666666667;2   0.726;4   0.703333333333;8   0.703333333333;16   0.703333333333;32   0.703333333333;]
(degree,C)=(3,0.11): 
 a=[0.015625   0.494666666667;0.03125   0.494666666667;0.0625   0.494666666667;0.125   0.490666666667;0.25   0.753333333333;0.5   0.786666666667;1   0.769333333333;2   0.720666666667;4   0.703333333333;8   0.703333333333;16   0.703333333333;32   0.703333333333;]
(degree,C)=(3,0.12): 
 a=[0.015625   0.494666666667;0.03125   0.494666666667;0.0625   0.494666666667;0.125   0.494;0.25   0.761333333333;0.5   0.790666666667;1   0.766666666667;2   0.719333333333;4   0.703333333333;8   0.703333333333;16   0.703333333333;32   0.703333333333;]
(degree,C)=(3,0.13): 
 a=[0.015625   0.494666666667;0.03125   0.494666666667;0.0625   0.494666666667;0.125   0.494;0.25   0.764666666667;0.5   0.791333333333;1   0.765333333333;2   0.718666666667;4   0.703333333333;8   0.703333333333;16   0.703333333333;32   0.703333333333;]
(degree,C)=(3,0.14): 
 a=[0.015625   0.494666666667;0.03125   0.494666666667;0.0625   0.494666666667;0.125   0.495333333333;0.25   0.764;0.5   0.788666666667;1   0.764;2   0.715333333333;4   0.703333333333;8   0.703333333333;16   0.703333333333;32   0.703333333333;]
(degree,C)=(3,0.15): 
 a=[0.015625   0.494666666667;0.03125   0.494666666667;0.0625   0.494666666667;0.125   0.495333333333;0.25   0.766666666667;0.5   0.792;1   0.761333333333;2   0.710666666667;4   0.703333333333;8   0.703333333333;16   0.703333333333;32   0.703333333333;]
(degree,C)=(3,0.16): 
 a=[0.015625   0.494666666667;0.03125   0.494666666667;0.0625   0.494666666667;0.125   0.498;0.25   0.765333333333;0.5   0.79;1   0.756666666667;2   0.708;4   0.703333333333;8   0.703333333333;16   0.703333333333;32   0.703333333333;]
(degree,C)=(3,0.17): 
 a=[0.015625   0.494666666667;0.03125   0.494666666667;0.0625   0.494666666667;0.125   0.501333333333;0.25   0.766666666667;0.5   0.789333333333;1   0.754666666667;2   0.707333333333;4   0.703333333333;8   0.703333333333;16   0.703333333333;32   0.703333333333;]
(degree,C)=(3,0.18): 
 a=[0.015625   0.494666666667;0.03125   0.494666666667;0.0625   0.494666666667;0.125   0.503333333333;0.25   0.768;0.5   0.79;1   0.757333333333;2   0.705333333333;4   0.703333333333;8   0.703333333333;16   0.703333333333;32   0.703333333333;]
(degree,C)=(3,0.19): 
 a=[0.015625   0.494666666667;0.03125   0.494666666667;0.0625   0.494666666667;0.125   0.504666666667;0.25   0.768666666667;0.5   0.789333333333;1   0.757333333333;2   0.706666666667;4   0.703333333333;8   0.703333333333;16   0.703333333333;32   0.703333333333;]
(degree,C)=(3,0.2): 
 a=[0.015625   0.494666666667;0.03125   0.494666666667;0.0625   0.494666666667;0.125   0.508;0.25   0.768;0.5   0.788666666667;1   0.756;2   0.706;4   0.703333333333;8   0.703333333333;16   0.703333333333;32   0.703333333333;]
(degree,C)=(3,0.21): 
 a=[0.015625   0.494666666667;0.03125   0.494666666667;0.0625   0.494666666667;0.125   0.510666666667;0.25   0.770666666667;0.5   0.786;1   0.756;2   0.706;4   0.703333333333;8   0.703333333333;16   0.703333333333;32   0.703333333333;]
(degree,C)=(3,0.22): 
 a=[0.015625   0.494666666667;0.03125   0.494666666667;0.0625   0.494666666667;0.125   0.516666666667;0.25   0.768;0.5   0.782666666667;1   0.754;2   0.707333333333;4   0.703333333333;8   0.703333333333;16   0.703333333333;32   0.703333333333;]
(degree,C)=(3,0.23): 
 a=[0.015625   0.494666666667;0.03125   0.494666666667;0.0625   0.494666666667;0.125   0.522666666667;0.25   0.768666666667;0.5   0.782666666667;1   0.755333333333;2   0.706666666667;4   0.703333333333;8   0.703333333333;16   0.703333333333;32   0.703333333333;]
(degree,C)=(3,0.24): 
 a=[0.015625   0.494666666667;0.03125   0.494666666667;0.0625   0.494666666667;0.125   0.526666666667;0.25   0.77;0.5   0.78;1   0.754;2   0.706666666667;4   0.703333333333;8   0.703333333333;16   0.703333333333;32   0.703333333333;]
(degree,C)=(3,0.25): 
 a=[0.015625   0.494666666667;0.03125   0.494666666667;0.0625   0.494666666667;0.125   0.534666666667;0.25   0.770666666667;0.5   0.782;1   0.754;2   0.707333333333;4   0.703333333333;8   0.703333333333;16   0.703333333333;32   0.703333333333;]
(degree,C)=(3,0.26): 
 a=[0.015625   0.494666666667;0.03125   0.494666666667;0.0625   0.494666666667;0.125   0.538666666667;0.25   0.770666666667;0.5   0.782;1   0.754;2   0.706;4   0.703333333333;8   0.703333333333;16   0.703333333333;32   0.703333333333;]
(degree,C)=(3,0.27): 
 a=[0.015625   0.494666666667;0.03125   0.494666666667;0.0625   0.494666666667;0.125   0.544;0.25   0.772;0.5   0.783333333333;1   0.753333333333;2   0.705333333333;4   0.703333333333;8   0.703333333333;16   0.703333333333;32   0.703333333333;]
(degree,C)=(3,0.28): 
 a=[0.015625   0.494666666667;0.03125   0.494666666667;0.0625   0.494666666667;0.125   0.554666666667;0.25   0.772;0.5   0.784;1   0.752;2   0.704666666667;4   0.703333333333;8   0.703333333333;16   0.703333333333;32   0.703333333333;]
(degree,C)=(3,0.29): 
 a=[0.015625   0.494666666667;0.03125   0.494666666667;0.0625   0.494666666667;0.125   0.568;0.25   0.772666666667;0.5   0.786;1   0.752;2   0.702666666667;4   0.703333333333;8   0.703333333333;16   0.703333333333;32   0.703333333333;]
(degree,C)=(3,0.3): 
 a=[0.015625   0.494666666667;0.03125   0.494666666667;0.0625   0.494666666667;0.125   0.575333333333;0.25   0.772666666667;0.5   0.785333333333;1   0.751333333333;2   0.702666666667;4   0.703333333333;8   0.703333333333;16   0.703333333333;32   0.703333333333;]
(degree,C)=(3,0.31): 
 a=[0.015625   0.494666666667;0.03125   0.494666666667;0.0625   0.494666666667;0.125   0.582;0.25   0.773333333333;0.5   0.785333333333;1   0.748666666667;2   0.703333333333;4   0.703333333333;8   0.703333333333;16   0.703333333333;32   0.703333333333;]
(degree,C)=(3,0.32): 
 a=[0.015625   0.494666666667;0.03125   0.494666666667;0.0625   0.494666666667;0.125   0.590666666667;0.25   0.774;0.5   0.786;1   0.745333333333;2   0.702666666667;4   0.703333333333;8   0.703333333333;16   0.703333333333;32   0.703333333333;]
(degree,C)=(3,0.33): 
 a=[0.015625   0.494666666667;0.03125   0.494666666667;0.0625   0.494666666667;0.125   0.600666666667;0.25   0.774;0.5   0.785333333333;1   0.743333333333;2   0.702666666667;4   0.703333333333;8   0.703333333333;16   0.703333333333;32   0.703333333333;]
(degree,C)=(3,0.34): 
 a=[0.015625   0.494666666667;0.03125   0.494666666667;0.0625   0.494666666667;0.125   0.611333333333;0.25   0.776;0.5   0.786;1   0.742;2   0.702666666667;4   0.703333333333;8   0.703333333333;16   0.703333333333;32   0.703333333333;]
(degree,C)=(3,0.35): 
 a=[0.015625   0.494666666667;0.03125   0.494666666667;0.0625   0.494666666667;0.125   0.621333333333;0.25   0.777333333333;0.5   0.786;1   0.742;2   0.703333333333;4   0.703333333333;8   0.703333333333;16   0.703333333333;32   0.703333333333;]
(degree,C)=(3,0.36): 
 a=[0.015625   0.494666666667;0.03125   0.494666666667;0.0625   0.494666666667;0.125   0.631333333333;0.25   0.778;0.5   0.786;1   0.742;2   0.703333333333;4   0.703333333333;8   0.703333333333;16   0.703333333333;32   0.703333333333;]
(degree,C)=(3,0.37): 
 a=[0.015625   0.494666666667;0.03125   0.494666666667;0.0625   0.494666666667;0.125   0.639333333333;0.25   0.778666666667;0.5   0.785333333333;1   0.740666666667;2   0.703333333333;4   0.703333333333;8   0.703333333333;16   0.703333333333;32   0.703333333333;]
(degree,C)=(3,0.38): 
 a=[0.015625   0.494666666667;0.03125   0.494666666667;0.0625   0.494666666667;0.125   0.646666666667;0.25   0.78;0.5   0.784;1   0.742;2   0.703333333333;4   0.703333333333;8   0.703333333333;16   0.703333333333;32   0.703333333333;]
(degree,C)=(3,0.39): 
 a=[0.015625   0.494666666667;0.03125   0.494666666667;0.0625   0.494666666667;0.125   0.648666666667;0.25   0.782;0.5   0.784;1   0.742;2   0.703333333333;4   0.703333333333;8   0.703333333333;16   0.703333333333;32   0.703333333333;]
(degree,C)=(3,0.4): 
 a=[0.015625   0.494666666667;0.03125   0.494666666667;0.0625   0.494666666667;0.125   0.654;0.25   0.782666666667;0.5   0.784;1   0.740666666667;2   0.703333333333;4   0.703333333333;8   0.703333333333;16   0.703333333333;32   0.703333333333;]
(degree,C)=(3,0.41): 
 a=[0.015625   0.494666666667;0.03125   0.494666666667;0.0625   0.494666666667;0.125   0.656;0.25   0.783333333333;0.5   0.783333333333;1   0.740666666667;2   0.703333333333;4   0.703333333333;8   0.703333333333;16   0.703333333333;32   0.703333333333;]
(degree,C)=(3,0.42): 
 a=[0.015625   0.494666666667;0.03125   0.494666666667;0.0625   0.494666666667;0.125   0.658666666667;0.25   0.784666666667;0.5   0.782666666667;1   0.739333333333;2   0.703333333333;4   0.703333333333;8   0.703333333333;16   0.703333333333;32   0.703333333333;]
(degree,C)=(3,0.43): 
 a=[0.015625   0.494666666667;0.03125   0.494666666667;0.0625   0.494666666667;0.125   0.662666666667;0.25   0.786;0.5   0.782666666667;1   0.739333333333;2   0.703333333333;4   0.703333333333;8   0.703333333333;16   0.703333333333;32   0.703333333333;]
(degree,C)=(3,0.44): 
 a=[0.015625   0.494666666667;0.03125   0.494666666667;0.0625   0.494666666667;0.125   0.662666666667;0.25   0.786666666667;0.5   0.782666666667;1   0.738;2   0.703333333333;4   0.703333333333;8   0.703333333333;16   0.703333333333;32   0.703333333333;]
(degree,C)=(3,0.45): 
 a=[0.015625   0.494666666667;0.03125   0.494666666667;0.0625   0.494666666667;0.125   0.668666666667;0.25   0.784666666667;0.5   0.782;1   0.736666666667;2   0.703333333333;4   0.703333333333;8   0.703333333333;16   0.703333333333;32   0.703333333333;]
(degree,C)=(3,0.46): 
 a=[0.015625   0.494666666667;0.03125   0.494666666667;0.0625   0.494666666667;0.125   0.669333333333;0.25   0.784;0.5   0.782;1   0.734666666667;2   0.703333333333;4   0.703333333333;8   0.703333333333;16   0.703333333333;32   0.703333333333;]
(degree,C)=(3,0.47): 
 a=[0.015625   0.494666666667;0.03125   0.494666666667;0.0625   0.493333333333;0.125   0.676;0.25   0.784666666667;0.5   0.780666666667;1   0.734;2   0.703333333333;4   0.703333333333;8   0.703333333333;16   0.703333333333;32   0.703333333333;]
(degree,C)=(3,0.48): 
 a=[0.015625   0.494666666667;0.03125   0.494666666667;0.0625   0.493333333333;0.125   0.682;0.25   0.784;0.5   0.78;1   0.733333333333;2   0.703333333333;4   0.703333333333;8   0.703333333333;16   0.703333333333;32   0.703333333333;]
(degree,C)=(3,0.49): 
 a=[0.015625   0.494666666667;0.03125   0.494666666667;0.0625   0.493333333333;0.125   0.688;0.25   0.783333333333;0.5   0.779333333333;1   0.733333333333;2   0.703333333333;4   0.703333333333;8   0.703333333333;16   0.703333333333;32   0.703333333333;]
(degree,C)=(3,0.5): 
 a=[0.015625   0.494666666667;0.03125   0.494666666667;0.0625   0.493333333333;0.125   0.691333333333;0.25   0.784;0.5   0.778666666667;1   0.732666666667;2   0.703333333333;4   0.703333333333;8   0.703333333333;16   0.703333333333;32   0.703333333333;]
(degree,C)=(3,0.51): 
 a=[0.015625   0.494666666667;0.03125   0.494666666667;0.0625   0.492666666667;0.125   0.693333333333;0.25   0.784;0.5   0.778666666667;1   0.732;2   0.703333333333;4   0.703333333333;8   0.703333333333;16   0.703333333333;32   0.703333333333;]
(degree,C)=(3,0.52): 
 a=[0.015625   0.494666666667;0.03125   0.494666666667;0.0625   0.491333333333;0.125   0.693333333333;0.25   0.784;0.5   0.778666666667;1   0.731333333333;2   0.703333333333;4   0.703333333333;8   0.703333333333;16   0.703333333333;32   0.703333333333;]
(degree,C)=(3,0.53): 
 a=[0.015625   0.494666666667;0.03125   0.494666666667;0.0625   0.490666666667;0.125   0.697333333333;0.25   0.783333333333;0.5   0.778666666667;1   0.73;2   0.703333333333;4   0.703333333333;8   0.703333333333;16   0.703333333333;32   0.703333333333;]
(degree,C)=(3,0.54): 
 a=[0.015625   0.494666666667;0.03125   0.494666666667;0.0625   0.490666666667;0.125   0.701333333333;0.25   0.784;0.5   0.775333333333;1   0.730666666667;2   0.703333333333;4   0.703333333333;8   0.703333333333;16   0.703333333333;32   0.703333333333;]
(degree,C)=(3,0.55): 
 a=[0.015625   0.494666666667;0.03125   0.494666666667;0.0625   0.490666666667;0.125   0.703333333333;0.25   0.784666666667;0.5   0.774666666667;1   0.730666666667;2   0.703333333333;4   0.703333333333;8   0.703333333333;16   0.703333333333;32   0.703333333333;]
(degree,C)=(3,0.56): 
 a=[0.015625   0.494666666667;0.03125   0.494666666667;0.0625   0.49;0.125   0.708;0.25   0.784666666667;0.5   0.775333333333;1   0.731333333333;2   0.703333333333;4   0.703333333333;8   0.703333333333;16   0.703333333333;32   0.703333333333;]
(degree,C)=(3,0.57): 
 a=[0.015625   0.494666666667;0.03125   0.494666666667;0.0625   0.49;0.125   0.712666666667;0.25   0.785333333333;0.5   0.774;1   0.731333333333;2   0.703333333333;4   0.703333333333;8   0.703333333333;16   0.703333333333;32   0.703333333333;]
(degree,C)=(3,0.58): 
 a=[0.015625   0.494666666667;0.03125   0.494666666667;0.0625   0.488666666667;0.125   0.714666666667;0.25   0.785333333333;0.5   0.773333333333;1   0.731333333333;2   0.703333333333;4   0.703333333333;8   0.703333333333;16   0.703333333333;32   0.703333333333;]
(degree,C)=(3,0.59): 
 a=[0.015625   0.494666666667;0.03125   0.494666666667;0.0625   0.488;0.125   0.716;0.25   0.786666666667;0.5   0.772666666667;1   0.730666666667;2   0.703333333333;4   0.703333333333;8   0.703333333333;16   0.703333333333;32   0.703333333333;]
(degree,C)=(3,0.6): 
 a=[0.015625   0.494666666667;0.03125   0.494666666667;0.0625   0.488;0.125   0.719333333333;0.25   0.786666666667;0.5   0.773333333333;1   0.73;2   0.703333333333;4   0.703333333333;8   0.703333333333;16   0.703333333333;32   0.703333333333;]
(degree,C)=(3,0.61): 
 a=[0.015625   0.494666666667;0.03125   0.494666666667;0.0625   0.488;0.125   0.717333333333;0.25   0.787333333333;0.5   0.772666666667;1   0.73;2   0.703333333333;4   0.703333333333;8   0.703333333333;16   0.703333333333;32   0.703333333333;]
(degree,C)=(3,0.62): 
 a=[0.015625   0.494666666667;0.03125   0.494666666667;0.0625   0.486666666667;0.125   0.722;0.25   0.787333333333;0.5   0.771333333333;1   0.729333333333;2   0.703333333333;4   0.703333333333;8   0.703333333333;16   0.703333333333;32   0.703333333333;]
(degree,C)=(3,0.63): 
 a=[0.015625   0.494666666667;0.03125   0.494666666667;0.0625   0.486666666667;0.125   0.722666666667;0.25   0.786666666667;0.5   0.772666666667;1   0.729333333333;2   0.703333333333;4   0.703333333333;8   0.703333333333;16   0.703333333333;32   0.703333333333;]
(degree,C)=(3,0.64): 
 a=[0.015625   0.494666666667;0.03125   0.494666666667;0.0625   0.488;0.125   0.724;0.25   0.787333333333;0.5   0.773333333333;1   0.73;2   0.703333333333;4   0.703333333333;8   0.703333333333;16   0.703333333333;32   0.703333333333;]
(degree,C)=(3,0.65): 
 a=[0.015625   0.494666666667;0.03125   0.494666666667;0.0625   0.488;0.125   0.724666666667;0.25   0.788;0.5   0.772666666667;1   0.726666666667;2   0.703333333333;4   0.703333333333;8   0.703333333333;16   0.703333333333;32   0.703333333333;]
(degree,C)=(3,0.66): 
 a=[0.015625   0.494666666667;0.03125   0.494666666667;0.0625   0.488666666667;0.125   0.727333333333;0.25   0.788;0.5   0.773333333333;1   0.727333333333;2   0.703333333333;4   0.703333333333;8   0.703333333333;16   0.703333333333;32   0.703333333333;]
(degree,C)=(3,0.67): 
 a=[0.015625   0.494666666667;0.03125   0.494666666667;0.0625   0.488666666667;0.125   0.730666666667;0.25   0.786666666667;0.5   0.773333333333;1   0.726666666667;2   0.703333333333;4   0.703333333333;8   0.703333333333;16   0.703333333333;32   0.703333333333;]
(degree,C)=(3,0.68): 
 a=[0.015625   0.494666666667;0.03125   0.494666666667;0.0625   0.488;0.125   0.733333333333;0.25   0.785333333333;0.5   0.772666666667;1   0.726666666667;2   0.703333333333;4   0.703333333333;8   0.703333333333;16   0.703333333333;32   0.703333333333;]
(degree,C)=(3,0.69): 
 a=[0.015625   0.494666666667;0.03125   0.494666666667;0.0625   0.488;0.125   0.734;0.25   0.785333333333;0.5   0.773333333333;1   0.727333333333;2   0.703333333333;4   0.703333333333;8   0.703333333333;16   0.703333333333;32   0.703333333333;]
(degree,C)=(3,0.7): 
 a=[0.015625   0.494666666667;0.03125   0.494666666667;0.0625   0.488666666667;0.125   0.736;0.25   0.786;0.5   0.773333333333;1   0.727333333333;2   0.703333333333;4   0.703333333333;8   0.703333333333;16   0.703333333333;32   0.703333333333;]
(degree,C)=(3,0.71): 
 a=[0.015625   0.494666666667;0.03125   0.494666666667;0.0625   0.488666666667;0.125   0.737333333333;0.25   0.785333333333;0.5   0.772666666667;1   0.726666666667;2   0.703333333333;4   0.703333333333;8   0.703333333333;16   0.703333333333;32   0.703333333333;]
(degree,C)=(3,0.72): 
 a=[0.015625   0.494666666667;0.03125   0.494666666667;0.0625   0.489333333333;0.125   0.737333333333;0.25   0.786;0.5   0.772666666667;1   0.726666666667;2   0.703333333333;4   0.703333333333;8   0.703333333333;16   0.703333333333;32   0.703333333333;]
(degree,C)=(3,0.73): 
 a=[0.015625   0.494666666667;0.03125   0.494666666667;0.0625   0.49;0.125   0.738;0.25   0.784666666667;0.5   0.772;1   0.726666666667;2   0.703333333333;4   0.703333333333;8   0.703333333333;16   0.703333333333;32   0.703333333333;]
(degree,C)=(3,0.74): 
 a=[0.015625   0.494666666667;0.03125   0.494666666667;0.0625   0.490666666667;0.125   0.738666666667;0.25   0.784666666667;0.5   0.772;1   0.726666666667;2   0.703333333333;4   0.703333333333;8   0.703333333333;16   0.703333333333;32   0.703333333333;]
(degree,C)=(3,0.75): 
 a=[0.015625   0.494666666667;0.03125   0.494666666667;0.0625   0.490666666667;0.125   0.74;0.25   0.785333333333;0.5   0.770666666667;1   0.726666666667;2   0.703333333333;4   0.703333333333;8   0.703333333333;16   0.703333333333;32   0.703333333333;]
(degree,C)=(3,0.76): 
 a=[0.015625   0.494666666667;0.03125   0.494666666667;0.0625   0.490666666667;0.125   0.739333333333;0.25   0.786;0.5   0.77;1   0.726666666667;2   0.703333333333;4   0.703333333333;8   0.703333333333;16   0.703333333333;32   0.703333333333;]
(degree,C)=(3,0.77): 
 a=[0.015625   0.494666666667;0.03125   0.494666666667;0.0625   0.490666666667;0.125   0.741333333333;0.25   0.786666666667;0.5   0.768666666667;1   0.727333333333;2   0.703333333333;4   0.703333333333;8   0.703333333333;16   0.703333333333;32   0.703333333333;]
(degree,C)=(3,0.78): 
 a=[0.015625   0.494666666667;0.03125   0.494666666667;0.0625   0.490666666667;0.125   0.742;0.25   0.786;0.5   0.768666666667;1   0.727333333333;2   0.703333333333;4   0.703333333333;8   0.703333333333;16   0.703333333333;32   0.703333333333;]
(degree,C)=(3,0.79): 
 a=[0.015625   0.494666666667;0.03125   0.494666666667;0.0625   0.490666666667;0.125   0.742666666667;0.25   0.785333333333;0.5   0.767333333333;1   0.726666666667;2   0.703333333333;4   0.703333333333;8   0.703333333333;16   0.703333333333;32   0.703333333333;]
(degree,C)=(3,0.8): 
 a=[0.015625   0.494666666667;0.03125   0.494666666667;0.0625   0.490666666667;0.125   0.744666666667;0.25   0.786;0.5   0.766666666667;1   0.726;2   0.703333333333;4   0.703333333333;8   0.703333333333;16   0.703333333333;32   0.703333333333;]
(degree,C)=(3,0.81): 
 a=[0.015625   0.494666666667;0.03125   0.494666666667;0.0625   0.49;0.125   0.746;0.25   0.786;0.5   0.766666666667;1   0.724666666667;2   0.703333333333;4   0.703333333333;8   0.703333333333;16   0.703333333333;32   0.703333333333;]
(degree,C)=(3,0.82): 
 a=[0.015625   0.494666666667;0.03125   0.494666666667;0.0625   0.49;0.125   0.746;0.25   0.786666666667;0.5   0.768;1   0.724666666667;2   0.703333333333;4   0.703333333333;8   0.703333333333;16   0.703333333333;32   0.703333333333;]
(degree,C)=(3,0.83): 
 a=[0.015625   0.494666666667;0.03125   0.494666666667;0.0625   0.49;0.125   0.749333333333;0.25   0.786;0.5   0.768;1   0.724;2   0.703333333333;4   0.703333333333;8   0.703333333333;16   0.703333333333;32   0.703333333333;]
(degree,C)=(3,0.84): 
 a=[0.015625   0.494666666667;0.03125   0.494666666667;0.0625   0.49;0.125   0.75;0.25   0.786666666667;0.5   0.767333333333;1   0.722666666667;2   0.703333333333;4   0.703333333333;8   0.703333333333;16   0.703333333333;32   0.703333333333;]
(degree,C)=(3,0.85): 
 a=[0.015625   0.494666666667;0.03125   0.494666666667;0.0625   0.49;0.125   0.750666666667;0.25   0.786666666667;0.5   0.769333333333;1   0.720666666667;2   0.703333333333;4   0.703333333333;8   0.703333333333;16   0.703333333333;32   0.703333333333;]
(degree,C)=(3,0.86): 
 a=[0.015625   0.494666666667;0.03125   0.494666666667;0.0625   0.490666666667;0.125   0.751333333333;0.25   0.786666666667;0.5   0.77;1   0.722;2   0.703333333333;4   0.703333333333;8   0.703333333333;16   0.703333333333;32   0.703333333333;]
(degree,C)=(3,0.87): 
 a=[0.015625   0.494666666667;0.03125   0.494666666667;0.0625   0.490666666667;0.125   0.752666666667;0.25   0.786666666667;0.5   0.77;1   0.721333333333;2   0.703333333333;4   0.703333333333;8   0.703333333333;16   0.703333333333;32   0.703333333333;]
(degree,C)=(3,0.88): 
 a=[0.015625   0.494666666667;0.03125   0.494666666667;0.0625   0.490666666667;0.125   0.753333333333;0.25   0.786666666667;0.5   0.769333333333;1   0.720666666667;2   0.703333333333;4   0.703333333333;8   0.703333333333;16   0.703333333333;32   0.703333333333;]
(degree,C)=(3,0.89): 
 a=[0.015625   0.494666666667;0.03125   0.494666666667;0.0625   0.490666666667;0.125   0.756666666667;0.25   0.785333333333;0.5   0.768666666667;1   0.720666666667;2   0.703333333333;4   0.703333333333;8   0.703333333333;16   0.703333333333;32   0.703333333333;]
(degree,C)=(3,0.9): 
 a=[0.015625   0.494666666667;0.03125   0.494666666667;0.0625   0.490666666667;0.125   0.758;0.25   0.786666666667;0.5   0.768;1   0.720666666667;2   0.703333333333;4   0.703333333333;8   0.703333333333;16   0.703333333333;32   0.703333333333;]
(degree,C)=(3,0.91): 
 a=[0.015625   0.494666666667;0.03125   0.494666666667;0.0625   0.490666666667;0.125   0.759333333333;0.25   0.788;0.5   0.766666666667;1   0.719333333333;2   0.703333333333;4   0.703333333333;8   0.703333333333;16   0.703333333333;32   0.703333333333;]
(degree,C)=(3,0.92): 
 a=[0.015625   0.494666666667;0.03125   0.494666666667;0.0625   0.491333333333;0.125   0.760666666667;0.25   0.788666666667;0.5   0.766666666667;1   0.719333333333;2   0.703333333333;4   0.703333333333;8   0.703333333333;16   0.703333333333;32   0.703333333333;]
(degree,C)=(3,0.93): 
 a=[0.015625   0.494666666667;0.03125   0.494666666667;0.0625   0.491333333333;0.125   0.762;0.25   0.788666666667;0.5   0.767333333333;1   0.718666666667;2   0.703333333333;4   0.703333333333;8   0.703333333333;16   0.703333333333;32   0.703333333333;]
(degree,C)=(3,0.94): 
 a=[0.015625   0.494666666667;0.03125   0.494666666667;0.0625   0.492666666667;0.125   0.762;0.25   0.789333333333;0.5   0.766666666667;1   0.718666666667;2   0.703333333333;4   0.703333333333;8   0.703333333333;16   0.703333333333;32   0.703333333333;]
(degree,C)=(3,0.95): 
 a=[0.015625   0.494666666667;0.03125   0.494666666667;0.0625   0.493333333333;0.125   0.762;0.25   0.79;0.5   0.766;1   0.718;2   0.703333333333;4   0.703333333333;8   0.703333333333;16   0.703333333333;32   0.703333333333;]
(degree,C)=(3,0.96): 
 a=[0.015625   0.494666666667;0.03125   0.494666666667;0.0625   0.494;0.125   0.761333333333;0.25   0.790666666667;0.5   0.766666666667;1   0.719333333333;2   0.703333333333;4   0.703333333333;8   0.703333333333;16   0.703333333333;32   0.703333333333;]
(degree,C)=(3,0.97): 
 a=[0.015625   0.494666666667;0.03125   0.494666666667;0.0625   0.494;0.125   0.762;0.25   0.790666666667;0.5   0.767333333333;1   0.718666666667;2   0.703333333333;4   0.703333333333;8   0.703333333333;16   0.703333333333;32   0.703333333333;]
(degree,C)=(3,0.98): 
 a=[0.015625   0.494666666667;0.03125   0.494666666667;0.0625   0.494;0.125   0.762666666667;0.25   0.790666666667;0.5   0.767333333333;1   0.718;2   0.703333333333;4   0.703333333333;8   0.703333333333;16   0.703333333333;32   0.703333333333;]
(degree,C)=(3,0.99): 
 a=[0.015625   0.494666666667;0.03125   0.494666666667;0.0625   0.494;0.125   0.762;0.25   0.790666666667;0.5   0.766666666667;1   0.718;2   0.703333333333;4   0.703333333333;8   0.703333333333;16   0.703333333333;32   0.703333333333;]
(degree,C)=(3,1.0): 
 a=[0.015625   0.494666666667;0.03125   0.494666666667;0.0625   0.494;0.125   0.761333333333;0.25   0.790666666667;0.5   0.766666666667;1   0.718666666667;2   0.703333333333;4   0.703333333333;8   0.703333333333;16   0.703333333333;32   0.703333333333;]
(degree,C)=(4,0.01): 
 a=[0.015625   0.484666666667;0.03125   0.484666666667;0.0625   0.484666666667;0.125   0.484666666667;0.25   0.534666666667;0.5   0.591333333333;1   0.734666666667;2   0.736;4   0.688;8   0.688;16   0.688;32   0.688;]
(degree,C)=(4,0.02): 
 a=[0.015625   0.484666666667;0.03125   0.484666666667;0.0625   0.484666666667;0.125   0.484666666667;0.25   0.510666666667;0.5   0.637333333333;1   0.744;2   0.709333333333;4   0.688;8   0.688;16   0.688;32   0.688;]
(degree,C)=(4,0.03): 
 a=[0.015625   0.484666666667;0.03125   0.484666666667;0.0625   0.484666666667;0.125   0.484666666667;0.25   0.516;0.5   0.695333333333;1   0.735333333333;2   0.688;4   0.688;8   0.688;16   0.688;32   0.688;]
(degree,C)=(4,0.04): 
 a=[0.015625   0.484666666667;0.03125   0.484666666667;0.0625   0.484666666667;0.125   0.484666666667;0.25   0.540666666667;0.5   0.696;1   0.728666666667;2   0.689333333333;4   0.688;8   0.688;16   0.688;32   0.688;]
(degree,C)=(4,0.05): 
 a=[0.015625   0.484666666667;0.03125   0.484666666667;0.0625   0.484666666667;0.125   0.478;0.25   0.530666666667;0.5   0.711333333333;1   0.736;2   0.688666666667;4   0.688;8   0.688;16   0.688;32   0.688;]
(degree,C)=(4,0.06): 
 a=[0.015625   0.484666666667;0.03125   0.484666666667;0.0625   0.484666666667;0.125   0.477333333333;0.25   0.542;0.5   0.729333333333;1   0.740666666667;2   0.686;4   0.688;8   0.688;16   0.688;32   0.688;]
(degree,C)=(4,0.07): 
 a=[0.015625   0.484666666667;0.03125   0.484666666667;0.0625   0.484666666667;0.125   0.481333333333;0.25   0.547333333333;0.5   0.744666666667;1   0.742;2   0.692;4   0.688;8   0.688;16   0.688;32   0.688;]
(degree,C)=(4,0.08): 
 a=[0.015625   0.484666666667;0.03125   0.484666666667;0.0625   0.484666666667;0.125   0.489333333333;0.25   0.550666666667;0.5   0.740666666667;1   0.741333333333;2   0.688666666667;4   0.688;8   0.688;16   0.688;32   0.688;]
(degree,C)=(4,0.09): 
 a=[0.015625   0.484666666667;0.03125   0.484666666667;0.0625   0.484666666667;0.125   0.497333333333;0.25   0.556;0.5   0.738666666667;1   0.738;2   0.688;4   0.688;8   0.688;16   0.688;32   0.688;]
(degree,C)=(4,0.1): 
 a=[0.015625   0.484666666667;0.03125   0.484666666667;0.0625   0.484666666667;0.125   0.504;0.25   0.572;0.5   0.737333333333;1   0.741333333333;2   0.687333333333;4   0.688;8   0.688;16   0.688;32   0.688;]
(degree,C)=(4,0.11): 
 a=[0.015625   0.484666666667;0.03125   0.484666666667;0.0625   0.484666666667;0.125   0.495333333333;0.25   0.584;0.5   0.736666666667;1   0.739333333333;2   0.687333333333;4   0.688;8   0.688;16   0.688;32   0.688;]
(degree,C)=(4,0.12): 
 a=[0.015625   0.484666666667;0.03125   0.484666666667;0.0625   0.484666666667;0.125   0.493333333333;0.25   0.589333333333;0.5   0.73;1   0.737333333333;2   0.688;4   0.688;8   0.688;16   0.688;32   0.688;]
(degree,C)=(4,0.13): 
 a=[0.015625   0.484666666667;0.03125   0.484666666667;0.0625   0.484666666667;0.125   0.491333333333;0.25   0.588;0.5   0.726666666667;1   0.734666666667;2   0.688;4   0.688;8   0.688;16   0.688;32   0.688;]
(degree,C)=(4,0.14): 
 a=[0.015625   0.484666666667;0.03125   0.484666666667;0.0625   0.484666666667;0.125   0.494666666667;0.25   0.588;0.5   0.726666666667;1   0.732666666667;2   0.688;4   0.688;8   0.688;16   0.688;32   0.688;]
(degree,C)=(4,0.15): 
 a=[0.015625   0.484666666667;0.03125   0.484666666667;0.0625   0.484666666667;0.125   0.505333333333;0.25   0.588666666667;0.5   0.731333333333;1   0.735333333333;2   0.688;4   0.688;8   0.688;16   0.688;32   0.688;]
(degree,C)=(4,0.16): 
 a=[0.015625   0.484666666667;0.03125   0.484666666667;0.0625   0.484666666667;0.125   0.534666666667;0.25   0.591333333333;0.5   0.734666666667;1   0.736;2   0.688;4   0.688;8   0.688;16   0.688;32   0.688;]
(degree,C)=(4,0.17): 
 a=[0.015625   0.484666666667;0.03125   0.484666666667;0.0625   0.484666666667;0.125   0.524666666667;0.25   0.595333333333;0.5   0.738666666667;1   0.731333333333;2   0.688;4   0.688;8   0.688;16   0.688;32   0.688;]
(degree,C)=(4,0.18): 
 a=[0.015625   0.484666666667;0.03125   0.484666666667;0.0625   0.484666666667;0.125   0.510666666667;0.25   0.606666666667;0.5   0.747333333333;1   0.735333333333;2   0.688;4   0.688;8   0.688;16   0.688;32   0.688;]
(degree,C)=(4,0.19): 
 a=[0.015625   0.484666666667;0.03125   0.484666666667;0.0625   0.484666666667;0.125   0.521333333333;0.25   0.616;0.5   0.746666666667;1   0.736;2   0.688;4   0.688;8   0.688;16   0.688;32   0.688;]
(degree,C)=(4,0.2): 
 a=[0.015625   0.484666666667;0.03125   0.484666666667;0.0625   0.484666666667;0.125   0.52;0.25   0.627333333333;0.5   0.75;1   0.736666666667;2   0.688;4   0.688;8   0.688;16   0.688;32   0.688;]
(degree,C)=(4,0.21): 
 a=[0.015625   0.484666666667;0.03125   0.484666666667;0.0625   0.484666666667;0.125   0.509333333333;0.25   0.629333333333;0.5   0.754;1   0.734666666667;2   0.688;4   0.688;8   0.688;16   0.688;32   0.688;]
(degree,C)=(4,0.22): 
 a=[0.015625   0.484666666667;0.03125   0.484666666667;0.0625   0.484666666667;0.125   0.506666666667;0.25   0.63;0.5   0.753333333333;1   0.728;2   0.688;4   0.688;8   0.688;16   0.688;32   0.688;]
(degree,C)=(4,0.23): 
 a=[0.015625   0.484666666667;0.03125   0.484666666667;0.0625   0.484666666667;0.125   0.504;0.25   0.629333333333;0.5   0.752;1   0.726;2   0.688;4   0.688;8   0.688;16   0.688;32   0.688;]
(degree,C)=(4,0.24): 
 a=[0.015625   0.484666666667;0.03125   0.484666666667;0.0625   0.484666666667;0.125   0.502666666667;0.25   0.629333333333;0.5   0.751333333333;1   0.725333333333;2   0.688;4   0.688;8   0.688;16   0.688;32   0.688;]
(degree,C)=(4,0.25): 
 a=[0.015625   0.484666666667;0.03125   0.484666666667;0.0625   0.484666666667;0.125   0.501333333333;0.25   0.63;0.5   0.749333333333;1   0.723333333333;2   0.688;4   0.688;8   0.688;16   0.688;32   0.688;]
(degree,C)=(4,0.26): 
 a=[0.015625   0.484666666667;0.03125   0.484666666667;0.0625   0.484666666667;0.125   0.504;0.25   0.629333333333;0.5   0.748;1   0.720666666667;2   0.688;4   0.688;8   0.688;16   0.688;32   0.688;]
(degree,C)=(4,0.27): 
 a=[0.015625   0.484666666667;0.03125   0.484666666667;0.0625   0.484666666667;0.125   0.512;0.25   0.63;0.5   0.752;1   0.718666666667;2   0.688;4   0.688;8   0.688;16   0.688;32   0.688;]
(degree,C)=(4,0.28): 
 a=[0.015625   0.484666666667;0.03125   0.484666666667;0.0625   0.484666666667;0.125   0.52;0.25   0.629333333333;0.5   0.752;1   0.717333333333;2   0.688;4   0.688;8   0.688;16   0.688;32   0.688;]
(degree,C)=(4,0.29): 
 a=[0.015625   0.484666666667;0.03125   0.484666666667;0.0625   0.484666666667;0.125   0.518;0.25   0.632666666667;0.5   0.749333333333;1   0.712;2   0.688;4   0.688;8   0.688;16   0.688;32   0.688;]
(degree,C)=(4,0.3): 
 a=[0.015625   0.484666666667;0.03125   0.484666666667;0.0625   0.484666666667;0.125   0.513333333333;0.25   0.634;0.5   0.747333333333;1   0.710666666667;2   0.688;4   0.688;8   0.688;16   0.688;32   0.688;]
(degree,C)=(4,0.31): 
 a=[0.015625   0.484666666667;0.03125   0.484666666667;0.0625   0.484666666667;0.125   0.51;0.25   0.636;0.5   0.745333333333;1   0.709333333333;2   0.688;4   0.688;8   0.688;16   0.688;32   0.688;]
(degree,C)=(4,0.32): 
 a=[0.015625   0.484666666667;0.03125   0.484666666667;0.0625   0.484666666667;0.125   0.510666666667;0.25   0.637333333333;0.5   0.744;1   0.709333333333;2   0.688;4   0.688;8   0.688;16   0.688;32   0.688;]
(degree,C)=(4,0.33): 
 a=[0.015625   0.484666666667;0.03125   0.484666666667;0.0625   0.484666666667;0.125   0.510666666667;0.25   0.64;0.5   0.741333333333;1   0.706666666667;2   0.688;4   0.688;8   0.688;16   0.688;32   0.688;]
(degree,C)=(4,0.34): 
 a=[0.015625   0.484666666667;0.03125   0.484666666667;0.0625   0.484666666667;0.125   0.509333333333;0.25   0.644666666667;0.5   0.741333333333;1   0.705333333333;2   0.688;4   0.688;8   0.688;16   0.688;32   0.688;]
(degree,C)=(4,0.35): 
 a=[0.015625   0.484666666667;0.03125   0.484666666667;0.0625   0.484666666667;0.125   0.509333333333;0.25   0.644666666667;0.5   0.741333333333;1   0.704;2   0.688;4   0.688;8   0.688;16   0.688;32   0.688;]
(degree,C)=(4,0.36): 
 a=[0.015625   0.484666666667;0.03125   0.484666666667;0.0625   0.484666666667;0.125   0.511333333333;0.25   0.649333333333;0.5   0.738666666667;1   0.704;2   0.688;4   0.688;8   0.688;16   0.688;32   0.688;]
(degree,C)=(4,0.37): 
 a=[0.015625   0.484666666667;0.03125   0.484666666667;0.0625   0.484666666667;0.125   0.513333333333;0.25   0.654666666667;0.5   0.738;1   0.704;2   0.688;4   0.688;8   0.688;16   0.688;32   0.688;]
(degree,C)=(4,0.38): 
 a=[0.015625   0.484666666667;0.03125   0.484666666667;0.0625   0.484666666667;0.125   0.514666666667;0.25   0.658666666667;0.5   0.738;1   0.700666666667;2   0.688;4   0.688;8   0.688;16   0.688;32   0.688;]
(degree,C)=(4,0.39): 
 a=[0.015625   0.484666666667;0.03125   0.484666666667;0.0625   0.484666666667;0.125   0.519333333333;0.25   0.665333333333;0.5   0.737333333333;1   0.7;2   0.688;4   0.688;8   0.688;16   0.688;32   0.688;]
(degree,C)=(4,0.4): 
 a=[0.015625   0.484666666667;0.03125   0.484666666667;0.0625   0.484666666667;0.125   0.522666666667;0.25   0.676;0.5   0.735333333333;1   0.697333333333;2   0.688;4   0.688;8   0.688;16   0.688;32   0.688;]
(degree,C)=(4,0.41): 
 a=[0.015625   0.484666666667;0.03125   0.484666666667;0.0625   0.484666666667;0.125   0.524;0.25   0.678;0.5   0.737333333333;1   0.696666666667;2   0.688;4   0.688;8   0.688;16   0.688;32   0.688;]
(degree,C)=(4,0.42): 
 a=[0.015625   0.484666666667;0.03125   0.484666666667;0.0625   0.484666666667;0.125   0.52;0.25   0.683333333333;0.5   0.737333333333;1   0.695333333333;2   0.688;4   0.688;8   0.688;16   0.688;32   0.688;]
(degree,C)=(4,0.43): 
 a=[0.015625   0.484666666667;0.03125   0.484666666667;0.0625   0.484666666667;0.125   0.517333333333;0.25   0.688666666667;0.5   0.736666666667;1   0.694666666667;2   0.688;4   0.688;8   0.688;16   0.688;32   0.688;]
(degree,C)=(4,0.44): 
 a=[0.015625   0.484666666667;0.03125   0.484666666667;0.0625   0.484666666667;0.125   0.517333333333;0.25   0.692;0.5   0.737333333333;1   0.693333333333;2   0.688;4   0.688;8   0.688;16   0.688;32   0.688;]
(degree,C)=(4,0.45): 
 a=[0.015625   0.484666666667;0.03125   0.484666666667;0.0625   0.484666666667;0.125   0.516666666667;0.25   0.693333333333;0.5   0.737333333333;1   0.692;2   0.688;4   0.688;8   0.688;16   0.688;32   0.688;]
(degree,C)=(4,0.46): 
 a=[0.015625   0.484666666667;0.03125   0.484666666667;0.0625   0.484666666667;0.125   0.515333333333;0.25   0.694;0.5   0.737333333333;1   0.69;2   0.688;4   0.688;8   0.688;16   0.688;32   0.688;]
(degree,C)=(4,0.47): 
 a=[0.015625   0.484666666667;0.03125   0.484666666667;0.0625   0.484666666667;0.125   0.514666666667;0.25   0.694666666667;0.5   0.735333333333;1   0.689333333333;2   0.688;4   0.688;8   0.688;16   0.688;32   0.688;]
(degree,C)=(4,0.48): 
 a=[0.015625   0.484666666667;0.03125   0.484666666667;0.0625   0.484666666667;0.125   0.516;0.25   0.695333333333;0.5   0.735333333333;1   0.688;2   0.688;4   0.688;8   0.688;16   0.688;32   0.688;]
(degree,C)=(4,0.49): 
 a=[0.015625   0.484666666667;0.03125   0.484666666667;0.0625   0.484666666667;0.125   0.515333333333;0.25   0.694666666667;0.5   0.734;1   0.688666666667;2   0.688;4   0.688;8   0.688;16   0.688;32   0.688;]
(degree,C)=(4,0.5): 
 a=[0.015625   0.484666666667;0.03125   0.484666666667;0.0625   0.484666666667;0.125   0.515333333333;0.25   0.694666666667;0.5   0.732;1   0.688666666667;2   0.688;4   0.688;8   0.688;16   0.688;32   0.688;]
(degree,C)=(4,0.51): 
 a=[0.015625   0.484666666667;0.03125   0.484666666667;0.0625   0.484666666667;0.125   0.516666666667;0.25   0.695333333333;0.5   0.73;1   0.689333333333;2   0.688;4   0.688;8   0.688;16   0.688;32   0.688;]
(degree,C)=(4,0.52): 
 a=[0.015625   0.484666666667;0.03125   0.484666666667;0.0625   0.484666666667;0.125   0.516666666667;0.25   0.695333333333;0.5   0.73;1   0.689333333333;2   0.688;4   0.688;8   0.688;16   0.688;32   0.688;]
(degree,C)=(4,0.53): 
 a=[0.015625   0.484666666667;0.03125   0.484666666667;0.0625   0.484666666667;0.125   0.519333333333;0.25   0.695333333333;0.5   0.73;1   0.69;2   0.688;4   0.688;8   0.688;16   0.688;32   0.688;]
(degree,C)=(4,0.54): 
 a=[0.015625   0.484666666667;0.03125   0.484666666667;0.0625   0.484666666667;0.125   0.521333333333;0.25   0.695333333333;0.5   0.729333333333;1   0.691333333333;2   0.688;4   0.688;8   0.688;16   0.688;32   0.688;]
(degree,C)=(4,0.55): 
 a=[0.015625   0.484666666667;0.03125   0.484666666667;0.0625   0.484666666667;0.125   0.522666666667;0.25   0.695333333333;0.5   0.729333333333;1   0.691333333333;2   0.688;4   0.688;8   0.688;16   0.688;32   0.688;]
(degree,C)=(4,0.56): 
 a=[0.015625   0.484666666667;0.03125   0.484666666667;0.0625   0.484666666667;0.125   0.524;0.25   0.695333333333;0.5   0.728666666667;1   0.690666666667;2   0.688;4   0.688;8   0.688;16   0.688;32   0.688;]
(degree,C)=(4,0.57): 
 a=[0.015625   0.484666666667;0.03125   0.484666666667;0.0625   0.484666666667;0.125   0.528;0.25   0.695333333333;0.5   0.73;1   0.689333333333;2   0.688;4   0.688;8   0.688;16   0.688;32   0.688;]
(degree,C)=(4,0.58): 
 a=[0.015625   0.484666666667;0.03125   0.484666666667;0.0625   0.484666666667;0.125   0.53;0.25   0.696;0.5   0.73;1   0.687333333333;2   0.688;4   0.688;8   0.688;16   0.688;32   0.688;]
(degree,C)=(4,0.59): 
 a=[0.015625   0.484666666667;0.03125   0.484666666667;0.0625   0.484666666667;0.125   0.531333333333;0.25   0.696;0.5   0.729333333333;1   0.688;2   0.688;4   0.688;8   0.688;16   0.688;32   0.688;]
(degree,C)=(4,0.6): 
 a=[0.015625   0.484666666667;0.03125   0.484666666667;0.0625   0.484666666667;0.125   0.535333333333;0.25   0.696666666667;0.5   0.729333333333;1   0.688666666667;2   0.688;4   0.688;8   0.688;16   0.688;32   0.688;]
(degree,C)=(4,0.61): 
 a=[0.015625   0.484666666667;0.03125   0.484666666667;0.0625   0.484666666667;0.125   0.537333333333;0.25   0.696;0.5   0.729333333333;1   0.69;2   0.688;4   0.688;8   0.688;16   0.688;32   0.688;]
(degree,C)=(4,0.62): 
 a=[0.015625   0.484666666667;0.03125   0.484666666667;0.0625   0.484666666667;0.125   0.540666666667;0.25   0.695333333333;0.5   0.730666666667;1   0.689333333333;2   0.688;4   0.688;8   0.688;16   0.688;32   0.688;]
(degree,C)=(4,0.63): 
 a=[0.015625   0.484666666667;0.03125   0.484666666667;0.0625   0.484666666667;0.125   0.54;0.25   0.695333333333;0.5   0.729333333333;1   0.689333333333;2   0.688;4   0.688;8   0.688;16   0.688;32   0.688;]
(degree,C)=(4,0.64): 
 a=[0.015625   0.484666666667;0.03125   0.484666666667;0.0625   0.484666666667;0.125   0.540666666667;0.25   0.696;0.5   0.728666666667;1   0.689333333333;2   0.688;4   0.688;8   0.688;16   0.688;32   0.688;]
(degree,C)=(4,0.65): 
 a=[0.015625   0.484666666667;0.03125   0.484666666667;0.0625   0.486;0.125   0.538666666667;0.25   0.696;0.5   0.728666666667;1   0.689333333333;2   0.688;4   0.688;8   0.688;16   0.688;32   0.688;]
(degree,C)=(4,0.66): 
 a=[0.015625   0.484666666667;0.03125   0.484666666667;0.0625   0.486666666667;0.125   0.536666666667;0.25   0.695333333333;0.5   0.729333333333;1   0.688666666667;2   0.688;4   0.688;8   0.688;16   0.688;32   0.688;]
(degree,C)=(4,0.67): 
 a=[0.015625   0.484666666667;0.03125   0.484666666667;0.0625   0.487333333333;0.125   0.536;0.25   0.696;0.5   0.73;1   0.688666666667;2   0.688;4   0.688;8   0.688;16   0.688;32   0.688;]
(degree,C)=(4,0.68): 
 a=[0.015625   0.484666666667;0.03125   0.484666666667;0.0625   0.495333333333;0.125   0.536;0.25   0.697333333333;0.5   0.731333333333;1   0.689333333333;2   0.688;4   0.688;8   0.688;16   0.688;32   0.688;]
(degree,C)=(4,0.69): 
 a=[0.015625   0.484666666667;0.03125   0.484666666667;0.0625   0.532666666667;0.125   0.534666666667;0.25   0.697333333333;0.5   0.732666666667;1   0.689333333333;2   0.688;4   0.688;8   0.688;16   0.688;32   0.688;]
(degree,C)=(4,0.7): 
 a=[0.015625   0.484666666667;0.03125   0.484666666667;0.0625   0.495333333333;0.125   0.535333333333;0.25   0.699333333333;0.5   0.733333333333;1   0.689333333333;2   0.688;4   0.688;8   0.688;16   0.688;32   0.688;]
(degree,C)=(4,0.71): 
 a=[0.015625   0.484666666667;0.03125   0.484666666667;0.0625   0.489333333333;0.125   0.534;0.25   0.701333333333;0.5   0.735333333333;1   0.689333333333;2   0.688;4   0.688;8   0.688;16   0.688;32   0.688;]
(degree,C)=(4,0.72): 
 a=[0.015625   0.484666666667;0.03125   0.484666666667;0.0625   0.483333333333;0.125   0.534666666667;0.25   0.702;0.5   0.736;1   0.689333333333;2   0.688;4   0.688;8   0.688;16   0.688;32   0.688;]
(degree,C)=(4,0.73): 
 a=[0.015625   0.484666666667;0.03125   0.484666666667;0.0625   0.481333333333;0.125   0.534;0.25   0.703333333333;0.5   0.735333333333;1   0.689333333333;2   0.688;4   0.688;8   0.688;16   0.688;32   0.688;]
(degree,C)=(4,0.74): 
 a=[0.015625   0.484666666667;0.03125   0.484666666667;0.0625   0.478666666667;0.125   0.533333333333;0.25   0.705333333333;0.5   0.735333333333;1   0.69;2   0.688;4   0.688;8   0.688;16   0.688;32   0.688;]
(degree,C)=(4,0.75): 
 a=[0.015625   0.484666666667;0.03125   0.484666666667;0.0625   0.478666666667;0.125   0.533333333333;0.25   0.704666666667;0.5   0.734;1   0.689333333333;2   0.688;4   0.688;8   0.688;16   0.688;32   0.688;]
(degree,C)=(4,0.76): 
 a=[0.015625   0.484666666667;0.03125   0.484666666667;0.0625   0.478666666667;0.125   0.534;0.25   0.705333333333;0.5   0.734;1   0.69;2   0.688;4   0.688;8   0.688;16   0.688;32   0.688;]
(degree,C)=(4,0.77): 
 a=[0.015625   0.484666666667;0.03125   0.484666666667;0.0625   0.478666666667;0.125   0.532;0.25   0.708;0.5   0.735333333333;1   0.690666666667;2   0.688;4   0.688;8   0.688;16   0.688;32   0.688;]
(degree,C)=(4,0.78): 
 a=[0.015625   0.484666666667;0.03125   0.484666666667;0.0625   0.478;0.125   0.531333333333;0.25   0.708666666667;0.5   0.736666666667;1   0.690666666667;2   0.688;4   0.688;8   0.688;16   0.688;32   0.688;]
(degree,C)=(4,0.79): 
 a=[0.015625   0.484666666667;0.03125   0.484666666667;0.0625   0.478;0.125   0.531333333333;0.25   0.71;0.5   0.737333333333;1   0.689333333333;2   0.688;4   0.688;8   0.688;16   0.688;32   0.688;]
(degree,C)=(4,0.8): 
 a=[0.015625   0.484666666667;0.03125   0.484666666667;0.0625   0.478;0.125   0.530666666667;0.25   0.711333333333;0.5   0.736;1   0.688666666667;2   0.688;4   0.688;8   0.688;16   0.688;32   0.688;]
(degree,C)=(4,0.81): 
 a=[0.015625   0.484666666667;0.03125   0.484666666667;0.0625   0.478;0.125   0.530666666667;0.25   0.712;0.5   0.736;1   0.688666666667;2   0.688;4   0.688;8   0.688;16   0.688;32   0.688;]
(degree,C)=(4,0.82): 
 a=[0.015625   0.484666666667;0.03125   0.484666666667;0.0625   0.478;0.125   0.530666666667;0.25   0.712;0.5   0.736666666667;1   0.688;2   0.688;4   0.688;8   0.688;16   0.688;32   0.688;]
(degree,C)=(4,0.83): 
 a=[0.015625   0.484666666667;0.03125   0.484666666667;0.0625   0.478;0.125   0.530666666667;0.25   0.712;0.5   0.738666666667;1   0.687333333333;2   0.688;4   0.688;8   0.688;16   0.688;32   0.688;]
(degree,C)=(4,0.84): 
 a=[0.015625   0.484666666667;0.03125   0.484666666667;0.0625   0.478;0.125   0.530666666667;0.25   0.713333333333;0.5   0.738;1   0.687333333333;2   0.688;4   0.688;8   0.688;16   0.688;32   0.688;]
(degree,C)=(4,0.85): 
 a=[0.015625   0.484666666667;0.03125   0.484666666667;0.0625   0.478;0.125   0.530666666667;0.25   0.714;0.5   0.737333333333;1   0.687333333333;2   0.688;4   0.688;8   0.688;16   0.688;32   0.688;]
(degree,C)=(4,0.86): 
 a=[0.015625   0.484666666667;0.03125   0.484666666667;0.0625   0.477333333333;0.125   0.532666666667;0.25   0.716666666667;0.5   0.736;1   0.686666666667;2   0.688;4   0.688;8   0.688;16   0.688;32   0.688;]
(degree,C)=(4,0.87): 
 a=[0.015625   0.484666666667;0.03125   0.484666666667;0.0625   0.477333333333;0.125   0.534;0.25   0.719333333333;0.5   0.736666666667;1   0.686666666667;2   0.688;4   0.688;8   0.688;16   0.688;32   0.688;]
(degree,C)=(4,0.88): 
 a=[0.015625   0.484666666667;0.03125   0.484666666667;0.0625   0.477333333333;0.125   0.535333333333;0.25   0.720666666667;0.5   0.737333333333;1   0.686;2   0.688;4   0.688;8   0.688;16   0.688;32   0.688;]
(degree,C)=(4,0.89): 
 a=[0.015625   0.484666666667;0.03125   0.484666666667;0.0625   0.477333333333;0.125   0.535333333333;0.25   0.724;0.5   0.739333333333;1   0.686666666667;2   0.688;4   0.688;8   0.688;16   0.688;32   0.688;]
(degree,C)=(4,0.9): 
 a=[0.015625   0.484666666667;0.03125   0.484666666667;0.0625   0.477333333333;0.125   0.536;0.25   0.726;0.5   0.740666666667;1   0.686666666667;2   0.688;4   0.688;8   0.688;16   0.688;32   0.688;]
(degree,C)=(4,0.91): 
 a=[0.015625   0.484666666667;0.03125   0.484666666667;0.0625   0.477333333333;0.125   0.536666666667;0.25   0.725333333333;0.5   0.740666666667;1   0.688;2   0.688;4   0.688;8   0.688;16   0.688;32   0.688;]
(degree,C)=(4,0.92): 
 a=[0.015625   0.484666666667;0.03125   0.484666666667;0.0625   0.477333333333;0.125   0.537333333333;0.25   0.725333333333;0.5   0.741333333333;1   0.688;2   0.688;4   0.688;8   0.688;16   0.688;32   0.688;]
(degree,C)=(4,0.93): 
 a=[0.015625   0.484666666667;0.03125   0.484666666667;0.0625   0.477333333333;0.125   0.536666666667;0.25   0.726666666667;0.5   0.74;1   0.687333333333;2   0.688;4   0.688;8   0.688;16   0.688;32   0.688;]
(degree,C)=(4,0.94): 
 a=[0.015625   0.484666666667;0.03125   0.484666666667;0.0625   0.477333333333;0.125   0.539333333333;0.25   0.729333333333;0.5   0.739333333333;1   0.686666666667;2   0.688;4   0.688;8   0.688;16   0.688;32   0.688;]
(degree,C)=(4,0.95): 
 a=[0.015625   0.484666666667;0.03125   0.484666666667;0.0625   0.477333333333;0.125   0.539333333333;0.25   0.728666666667;0.5   0.738;1   0.686;2   0.688;4   0.688;8   0.688;16   0.688;32   0.688;]
(degree,C)=(4,0.96): 
 a=[0.015625   0.484666666667;0.03125   0.484666666667;0.0625   0.477333333333;0.125   0.542;0.25   0.729333333333;0.5   0.740666666667;1   0.686;2   0.688;4   0.688;8   0.688;16   0.688;32   0.688;]
(degree,C)=(4,0.97): 
 a=[0.015625   0.484666666667;0.03125   0.484666666667;0.0625   0.478;0.125   0.544;0.25   0.73;0.5   0.740666666667;1   0.686;2   0.688;4   0.688;8   0.688;16   0.688;32   0.688;]
(degree,C)=(4,0.98): 
 a=[0.015625   0.484666666667;0.03125   0.484666666667;0.0625   0.478;0.125   0.546666666667;0.25   0.736;0.5   0.742;1   0.686666666667;2   0.688;4   0.688;8   0.688;16   0.688;32   0.688;]
(degree,C)=(4,0.99): 
 a=[0.015625   0.484666666667;0.03125   0.484666666667;0.0625   0.478;0.125   0.546666666667;0.25   0.738;0.5   0.744;1   0.688;2   0.688;4   0.688;8   0.688;16   0.688;32   0.688;]
(degree,C)=(4,1.0): 
 a=[0.015625   0.484666666667;0.03125   0.484666666667;0.0625   0.478;0.125   0.547333333333;0.25   0.738;0.5   0.742666666667;1   0.690666666667;2   0.688;4   0.688;8   0.688;16   0.688;32   0.688;]
