MAX:  (0.8200000000000001, 0.804, 0.91000000000000003, 0.03125)=(cvAcc, testAcc, C, gamma)
C=0.01: 
 a=[0.015625   0.521333333333;0.03125   0.523333333333;0.0625   0.531333333333;0.125   0.536;0.25   0.512;0.5   0.492;1   0.482;2   0.482666666667;4   0.482;8   0.482;16   0.482666666667;32   0.482;]
C=0.02: 
 a=[0.015625   0.521333333333;0.03125   0.523333333333;0.0625   0.531333333333;0.125   0.536;0.25   0.512;0.5   0.492;1   0.482;2   0.482666666667;4   0.482;8   0.482;16   0.482;32   0.482;]
C=0.03: 
 a=[0.015625   0.521333333333;0.03125   0.523333333333;0.0625   0.531333333333;0.125   0.536;0.25   0.512;0.5   0.492;1   0.482;2   0.482666666667;4   0.482;8   0.482;16   0.482;32   0.482;]
C=0.04: 
 a=[0.015625   0.521333333333;0.03125   0.523333333333;0.0625   0.542;0.125   0.545333333333;0.25   0.512;0.5   0.492;1   0.482;2   0.482666666667;4   0.482;8   0.482;16   0.482;32   0.477333333333;]
C=0.05: 
 a=[0.015625   0.521333333333;0.03125   0.526;0.0625   0.612;0.125   0.634666666667;0.25   0.513333333333;0.5   0.492;1   0.482;2   0.482666666667;4   0.482;8   0.482;16   0.482;32   0.477333333333;]
C=0.06: 
 a=[0.015625   0.521333333333;0.03125   0.556666666667;0.0625   0.708666666667;0.125   0.714;0.25   0.528666666667;0.5   0.492;1   0.482;2   0.482666666667;4   0.482;8   0.482;16   0.482;32   0.477333333333;]
C=0.07: 
 a=[0.015625   0.521333333333;0.03125   0.612;0.0625   0.749333333333;0.125   0.744666666667;0.25   0.576666666667;0.5   0.492;1   0.482;2   0.482666666667;4   0.482;8   0.482;16   0.482;32   0.477333333333;]
C=0.08: 
 a=[0.015625   0.524666666667;0.03125   0.694;0.0625   0.768;0.125   0.752;0.25   0.637333333333;0.5   0.492;1   0.482;2   0.482666666667;4   0.482;8   0.482;16   0.482;32   0.482;]
C=0.09: 
 a=[0.015625   0.538666666667;0.03125   0.742666666667;0.0625   0.772;0.125   0.760666666667;0.25   0.686;0.5   0.492;1   0.482;2   0.482666666667;4   0.482;8   0.482;16   0.482;32   0.482;]
C=0.1: 
 a=[0.015625   0.564666666667;0.03125   0.764;0.0625   0.779333333333;0.125   0.764666666667;0.25   0.690666666667;0.5   0.492;1   0.482;2   0.482666666667;4   0.482;8   0.482;16   0.482;32   0.482;]
C=0.11: 
 a=[0.015625   0.601333333333;0.03125   0.773333333333;0.0625   0.777333333333;0.125   0.780666666667;0.25   0.702666666667;0.5   0.494;1   0.482;2   0.482666666667;4   0.482;8   0.482;16   0.482;32   0.477333333333;]
C=0.12: 
 a=[0.015625   0.653333333333;0.03125   0.777333333333;0.0625   0.782;0.125   0.784;0.25   0.701333333333;0.5   0.494666666667;1   0.482;2   0.482666666667;4   0.482;8   0.482;16   0.482;32   0.477333333333;]
C=0.13: 
 a=[0.015625   0.694;0.03125   0.778666666667;0.0625   0.787333333333;0.125   0.787333333333;0.25   0.71;0.5   0.494666666667;1   0.482;2   0.482666666667;4   0.482;8   0.482;16   0.482;32   0.477333333333;]
C=0.14: 
 a=[0.015625   0.726666666667;0.03125   0.781333333333;0.0625   0.791333333333;0.125   0.794;0.25   0.715333333333;0.5   0.498666666667;1   0.482;2   0.482666666667;4   0.482;8   0.482;16   0.482;32   0.477333333333;]
C=0.15: 
 a=[0.015625   0.744;0.03125   0.781333333333;0.0625   0.795333333333;0.125   0.8;0.25   0.718;0.5   0.504;1   0.482;2   0.482666666667;4   0.482;8   0.482;16   0.482;32   0.482;]
C=0.16: 
 a=[0.015625   0.758;0.03125   0.781333333333;0.0625   0.796666666667;0.125   0.800666666667;0.25   0.718;0.5   0.512666666667;1   0.482;2   0.482666666667;4   0.482;8   0.482;16   0.482;32   0.482;]
C=0.17: 
 a=[0.015625   0.761333333333;0.03125   0.782;0.0625   0.796666666667;0.125   0.800666666667;0.25   0.724;0.5   0.530666666667;1   0.482;2   0.482666666667;4   0.482;8   0.482;16   0.482;32   0.482;]
C=0.18: 
 a=[0.015625   0.768666666667;0.03125   0.782666666667;0.0625   0.800666666667;0.125   0.802;0.25   0.724666666667;0.5   0.556;1   0.482;2   0.482666666667;4   0.482;8   0.482;16   0.482;32   0.477333333333;]
C=0.19: 
 a=[0.015625   0.773333333333;0.03125   0.787333333333;0.0625   0.804666666667;0.125   0.801333333333;0.25   0.726;0.5   0.567333333333;1   0.482;2   0.482666666667;4   0.482;8   0.482;16   0.482;32   0.477333333333;]
C=0.2: 
 a=[0.015625   0.774666666667;0.03125   0.791333333333;0.0625   0.805333333333;0.125   0.802;0.25   0.729333333333;0.5   0.568666666667;1   0.482;2   0.482666666667;4   0.482;8   0.482;16   0.482;32   0.477333333333;]
C=0.21: 
 a=[0.015625   0.774;0.03125   0.790666666667;0.0625   0.806666666667;0.125   0.805333333333;0.25   0.736;0.5   0.572;1   0.482;2   0.482666666667;4   0.482;8   0.482;16   0.482;32   0.477333333333;]
C=0.22: 
 a=[0.015625   0.776;0.03125   0.796;0.0625   0.807333333333;0.125   0.804;0.25   0.739333333333;0.5   0.574;1   0.481333333333;2   0.482666666667;4   0.482;8   0.482;16   0.482;32   0.482;]
C=0.23: 
 a=[0.015625   0.777333333333;0.03125   0.796;0.0625   0.808666666667;0.125   0.806;0.25   0.742666666667;0.5   0.593333333333;1   0.481333333333;2   0.482666666667;4   0.482;8   0.482;16   0.482;32   0.482;]
C=0.24: 
 a=[0.015625   0.778;0.03125   0.798;0.0625   0.81;0.125   0.81;0.25   0.746666666667;0.5   0.604;1   0.481333333333;2   0.482666666667;4   0.482;8   0.482;16   0.482;32   0.482;]
C=0.25: 
 a=[0.015625   0.78;0.03125   0.798;0.0625   0.809333333333;0.125   0.809333333333;0.25   0.750666666667;0.5   0.621333333333;1   0.482666666667;2   0.482666666667;4   0.482;8   0.482;16   0.482;32   0.477333333333;]
C=0.26: 
 a=[0.015625   0.780666666667;0.03125   0.802666666667;0.0625   0.808;0.125   0.810666666667;0.25   0.756;0.5   0.63;1   0.482;2   0.482666666667;4   0.482;8   0.482;16   0.482;32   0.477333333333;]
C=0.27: 
 a=[0.015625   0.781333333333;0.03125   0.804;0.0625   0.808666666667;0.125   0.811333333333;0.25   0.760666666667;0.5   0.630666666667;1   0.482;2   0.482666666667;4   0.482;8   0.482;16   0.482;32   0.477333333333;]
C=0.28: 
 a=[0.015625   0.782;0.03125   0.806666666667;0.0625   0.808666666667;0.125   0.810666666667;0.25   0.763333333333;0.5   0.634666666667;1   0.482;2   0.482666666667;4   0.482;8   0.482;16   0.482;32   0.477333333333;]
C=0.29: 
 a=[0.015625   0.782;0.03125   0.803333333333;0.0625   0.808;0.125   0.810666666667;0.25   0.766;0.5   0.633333333333;1   0.482;2   0.482666666667;4   0.482;8   0.482;16   0.482;32   0.482;]
C=0.3: 
 a=[0.015625   0.782;0.03125   0.804;0.0625   0.808;0.125   0.813333333333;0.25   0.766666666667;0.5   0.639333333333;1   0.481333333333;2   0.482666666667;4   0.482;8   0.482;16   0.482;32   0.482;]
C=0.31: 
 a=[0.015625   0.782666666667;0.03125   0.804;0.0625   0.806666666667;0.125   0.814;0.25   0.764666666667;0.5   0.644666666667;1   0.482666666667;2   0.482;4   0.482;8   0.482;16   0.482;32   0.482;]
C=0.32: 
 a=[0.015625   0.782666666667;0.03125   0.804666666667;0.0625   0.809333333333;0.125   0.814;0.25   0.766666666667;0.5   0.646666666667;1   0.482666666667;2   0.482;4   0.482;8   0.482;16   0.482;32   0.477333333333;]
C=0.33: 
 a=[0.015625   0.786;0.03125   0.804;0.0625   0.810666666667;0.125   0.814;0.25   0.769333333333;0.5   0.65;1   0.482666666667;2   0.482;4   0.482;8   0.482;16   0.482;32   0.477333333333;]
C=0.34: 
 a=[0.015625   0.786666666667;0.03125   0.804666666667;0.0625   0.814666666667;0.125   0.814666666667;0.25   0.773333333333;0.5   0.655333333333;1   0.482;2   0.482;4   0.480666666667;8   0.479333333333;16   0.479333333333;32   0.474666666667;]
C=0.35: 
 a=[0.015625   0.786;0.03125   0.806;0.0625   0.814666666667;0.125   0.814666666667;0.25   0.773333333333;0.5   0.658666666667;1   0.482;2   0.482;4   0.479333333333;8   0.479333333333;16   0.479333333333;32   0.474666666667;]
C=0.36: 
 a=[0.015625   0.786;0.03125   0.808;0.0625   0.814666666667;0.125   0.814666666667;0.25   0.776666666667;0.5   0.665333333333;1   0.482;2   0.482;4   0.479333333333;8   0.479333333333;16   0.479333333333;32   0.479333333333;]
C=0.37: 
 a=[0.015625   0.787333333333;0.03125   0.808666666667;0.0625   0.816;0.125   0.814666666667;0.25   0.778666666667;0.5   0.672666666667;1   0.482;2   0.481333333333;4   0.479333333333;8   0.479333333333;16   0.479333333333;32   0.479333333333;]
C=0.38: 
 a=[0.015625   0.788666666667;0.03125   0.81;0.0625   0.817333333333;0.125   0.814666666667;0.25   0.782666666667;0.5   0.67;1   0.483333333333;2   0.481333333333;4   0.479333333333;8   0.479333333333;16   0.479333333333;32   0.479333333333;]
C=0.39: 
 a=[0.015625   0.787333333333;0.03125   0.810666666667;0.0625   0.818666666667;0.125   0.814666666667;0.25   0.784;0.5   0.668;1   0.485333333333;2   0.481333333333;4   0.479333333333;8   0.479333333333;16   0.479333333333;32   0.479333333333;]
C=0.4: 
 a=[0.015625   0.79;0.03125   0.810666666667;0.0625   0.819333333333;0.125   0.813333333333;0.25   0.785333333333;0.5   0.671333333333;1   0.486;2   0.48;4   0.479333333333;8   0.479333333333;16   0.479333333333;32   0.474666666667;]
C=0.41: 
 a=[0.015625   0.791333333333;0.03125   0.810666666667;0.0625   0.819333333333;0.125   0.814666666667;0.25   0.786666666667;0.5   0.673333333333;1   0.488666666667;2   0.48;4   0.479333333333;8   0.479333333333;16   0.479333333333;32   0.474666666667;]
C=0.42: 
 a=[0.015625   0.793333333333;0.03125   0.81;0.0625   0.818;0.125   0.814666666667;0.25   0.787333333333;0.5   0.674666666667;1   0.489333333333;2   0.48;4   0.479333333333;8   0.479333333333;16   0.479333333333;32   0.474666666667;]
C=0.43: 
 a=[0.015625   0.794666666667;0.03125   0.810666666667;0.0625   0.819333333333;0.125   0.814;0.25   0.786666666667;0.5   0.676;1   0.488;2   0.48;4   0.479333333333;8   0.479333333333;16   0.479333333333;32   0.479333333333;]
C=0.44: 
 a=[0.015625   0.796;0.03125   0.811333333333;0.0625   0.818666666667;0.125   0.815333333333;0.25   0.788666666667;0.5   0.678;1   0.49;2   0.479333333333;4   0.479333333333;8   0.479333333333;16   0.479333333333;32   0.479333333333;]
C=0.45: 
 a=[0.015625   0.796666666667;0.03125   0.813333333333;0.0625   0.818;0.125   0.816;0.25   0.788666666667;0.5   0.677333333333;1   0.492666666667;2   0.479333333333;4   0.479333333333;8   0.479333333333;16   0.479333333333;32   0.479333333333;]
C=0.46: 
 a=[0.015625   0.798;0.03125   0.814;0.0625   0.818666666667;0.125   0.816666666667;0.25   0.788666666667;0.5   0.676666666667;1   0.492666666667;2   0.479333333333;4   0.479333333333;8   0.479333333333;16   0.479333333333;32   0.479333333333;]
C=0.47: 
 a=[0.015625   0.798;0.03125   0.814666666667;0.0625   0.818;0.125   0.817333333333;0.25   0.788666666667;0.5   0.68;1   0.494666666667;2   0.478666666667;4   0.479333333333;8   0.479333333333;16   0.479333333333;32   0.474666666667;]
C=0.48: 
 a=[0.015625   0.798666666667;0.03125   0.814666666667;0.0625   0.818;0.125   0.818666666667;0.25   0.79;0.5   0.681333333333;1   0.495333333333;2   0.478;4   0.479333333333;8   0.479333333333;16   0.479333333333;32   0.474666666667;]
C=0.49: 
 a=[0.015625   0.801333333333;0.03125   0.814;0.0625   0.818666666667;0.125   0.818;0.25   0.793333333333;0.5   0.682;1   0.496;2   0.478;4   0.479333333333;8   0.479333333333;16   0.479333333333;32   0.474666666667;]
C=0.5: 
 a=[0.015625   0.800666666667;0.03125   0.815333333333;0.0625   0.818;0.125   0.818666666667;0.25   0.794666666667;0.5   0.682;1   0.498666666667;2   0.478666666667;4   0.478666666667;8   0.479333333333;16   0.479333333333;32   0.479333333333;]
C=0.51: 
 a=[0.015625   0.802;0.03125   0.816;0.0625   0.817333333333;0.125   0.818;0.25   0.796;0.5   0.683333333333;1   0.503333333333;2   0.478666666667;4   0.472;8   0.470666666667;16   0.470666666667;32   0.470666666667;]
C=0.52: 
 a=[0.015625   0.801333333333;0.03125   0.815333333333;0.0625   0.817333333333;0.125   0.819333333333;0.25   0.796;0.5   0.684666666667;1   0.503333333333;2   0.478;4   0.471333333333;8   0.470666666667;16   0.470666666667;32   0.470666666667;]
C=0.53: 
 a=[0.015625   0.802666666667;0.03125   0.814;0.0625   0.817333333333;0.125   0.818666666667;0.25   0.796;0.5   0.686666666667;1   0.503333333333;2   0.476666666667;4   0.471333333333;8   0.470666666667;16   0.470666666667;32   0.470666666667;]
C=0.54: 
 a=[0.015625   0.802;0.03125   0.814;0.0625   0.816666666667;0.125   0.819333333333;0.25   0.798;0.5   0.686666666667;1   0.506;2   0.476666666667;4   0.471333333333;8   0.470666666667;16   0.470666666667;32   0.470666666667;]
C=0.55: 
 a=[0.015625   0.800666666667;0.03125   0.814666666667;0.0625   0.816;0.125   0.818666666667;0.25   0.799333333333;0.5   0.688666666667;1   0.505333333333;2   0.476666666667;4   0.470666666667;8   0.470666666667;16   0.470666666667;32   0.470666666667;]
C=0.56: 
 a=[0.015625   0.801333333333;0.03125   0.813333333333;0.0625   0.817333333333;0.125   0.816666666667;0.25   0.799333333333;0.5   0.690666666667;1   0.505333333333;2   0.476;4   0.470666666667;8   0.470666666667;16   0.470666666667;32   0.470666666667;]
C=0.57: 
 a=[0.015625   0.800666666667;0.03125   0.814;0.0625   0.817333333333;0.125   0.816;0.25   0.800666666667;0.5   0.694666666667;1   0.506;2   0.476;4   0.470666666667;8   0.470666666667;16   0.470666666667;32   0.470666666667;]
C=0.58: 
 a=[0.015625   0.800666666667;0.03125   0.814;0.0625   0.817333333333;0.125   0.816666666667;0.25   0.801333333333;0.5   0.697333333333;1   0.507333333333;2   0.475333333333;4   0.470666666667;8   0.470666666667;16   0.470666666667;32   0.470666666667;]
C=0.59: 
 a=[0.015625   0.801333333333;0.03125   0.814;0.0625   0.817333333333;0.125   0.816666666667;0.25   0.802666666667;0.5   0.697333333333;1   0.509333333333;2   0.475333333333;4   0.470666666667;8   0.470666666667;16   0.470666666667;32   0.470666666667;]
C=0.6: 
 a=[0.015625   0.802;0.03125   0.814;0.0625   0.816666666667;0.125   0.816;0.25   0.803333333333;0.5   0.698;1   0.514;2   0.474666666667;4   0.470666666667;8   0.470666666667;16   0.470666666667;32   0.470666666667;]
C=0.61: 
 a=[0.015625   0.804666666667;0.03125   0.814666666667;0.0625   0.817333333333;0.125   0.817333333333;0.25   0.804666666667;0.5   0.699333333333;1   0.516666666667;2   0.474666666667;4   0.470666666667;8   0.470666666667;16   0.470666666667;32   0.470666666667;]
C=0.62: 
 a=[0.015625   0.804666666667;0.03125   0.815333333333;0.0625   0.816666666667;0.125   0.817333333333;0.25   0.804666666667;0.5   0.701333333333;1   0.519333333333;2   0.475333333333;4   0.470666666667;8   0.470666666667;16   0.470666666667;32   0.470666666667;]
C=0.63: 
 a=[0.015625   0.805333333333;0.03125   0.816666666667;0.0625   0.816;0.125   0.817333333333;0.25   0.806;0.5   0.703333333333;1   0.520666666667;2   0.475333333333;4   0.470666666667;8   0.470666666667;16   0.470666666667;32   0.470666666667;]
C=0.64: 
 a=[0.015625   0.805333333333;0.03125   0.815333333333;0.0625   0.816;0.125   0.817333333333;0.25   0.806666666667;0.5   0.705333333333;1   0.523333333333;2   0.474666666667;4   0.470666666667;8   0.470666666667;16   0.470666666667;32   0.470666666667;]
C=0.65: 
 a=[0.015625   0.805333333333;0.03125   0.816666666667;0.0625   0.816;0.125   0.818666666667;0.25   0.808666666667;0.5   0.707333333333;1   0.527333333333;2   0.474666666667;4   0.470666666667;8   0.470666666667;16   0.470666666667;32   0.470666666667;]
C=0.66: 
 a=[0.015625   0.806666666667;0.03125   0.816;0.0625   0.816;0.125   0.818;0.25   0.808;0.5   0.71;1   0.529333333333;2   0.474666666667;4   0.470666666667;8   0.470666666667;16   0.470666666667;32   0.470666666667;]
C=0.67: 
 a=[0.015625   0.806666666667;0.03125   0.816;0.0625   0.816;0.125   0.817333333333;0.25   0.808;0.5   0.712666666667;1   0.532;2   0.475333333333;4   0.470666666667;8   0.470666666667;16   0.470666666667;32   0.470666666667;]
C=0.68: 
 a=[0.015625   0.805333333333;0.03125   0.816666666667;0.0625   0.817333333333;0.125   0.818666666667;0.25   0.808;0.5   0.714;1   0.536666666667;2   0.474666666667;4   0.470666666667;8   0.470666666667;16   0.470666666667;32   0.470666666667;]
C=0.69: 
 a=[0.015625   0.807333333333;0.03125   0.816;0.0625   0.816;0.125   0.818;0.25   0.808666666667;0.5   0.716666666667;1   0.538666666667;2   0.474666666667;4   0.470666666667;8   0.470666666667;16   0.470666666667;32   0.470666666667;]
C=0.7: 
 a=[0.015625   0.808;0.03125   0.815333333333;0.0625   0.815333333333;0.125   0.816666666667;0.25   0.808;0.5   0.716666666667;1   0.541333333333;2   0.474666666667;4   0.470666666667;8   0.470666666667;16   0.470666666667;32   0.470666666667;]
C=0.71: 
 a=[0.015625   0.808666666667;0.03125   0.816;0.0625   0.816;0.125   0.816;0.25   0.808;0.5   0.718;1   0.544;2   0.474666666667;4   0.470666666667;8   0.470666666667;16   0.470666666667;32   0.470666666667;]
C=0.72: 
 a=[0.015625   0.809333333333;0.03125   0.816;0.0625   0.816;0.125   0.816;0.25   0.808666666667;0.5   0.717333333333;1   0.544;2   0.474666666667;4   0.470666666667;8   0.470666666667;16   0.470666666667;32   0.470666666667;]
C=0.73: 
 a=[0.015625   0.808;0.03125   0.815333333333;0.0625   0.816666666667;0.125   0.816;0.25   0.81;0.5   0.718666666667;1   0.55;2   0.474666666667;4   0.470666666667;8   0.470666666667;16   0.470666666667;32   0.470666666667;]
C=0.74: 
 a=[0.015625   0.808666666667;0.03125   0.815333333333;0.0625   0.816666666667;0.125   0.816666666667;0.25   0.809333333333;0.5   0.719333333333;1   0.558666666667;2   0.474666666667;4   0.470666666667;8   0.470666666667;16   0.470666666667;32   0.470666666667;]
C=0.75: 
 a=[0.015625   0.809333333333;0.03125   0.816;0.0625   0.816;0.125   0.816666666667;0.25   0.809333333333;0.5   0.72;1   0.556666666667;2   0.475333333333;4   0.470666666667;8   0.470666666667;16   0.470666666667;32   0.470666666667;]
C=0.76: 
 a=[0.015625   0.81;0.03125   0.816666666667;0.0625   0.816;0.125   0.816666666667;0.25   0.81;0.5   0.722;1   0.555333333333;2   0.475333333333;4   0.470666666667;8   0.470666666667;16   0.470666666667;32   0.470666666667;]
C=0.77: 
 a=[0.015625   0.81;0.03125   0.817333333333;0.0625   0.816;0.125   0.816666666667;0.25   0.812;0.5   0.723333333333;1   0.555333333333;2   0.475333333333;4   0.470666666667;8   0.470666666667;16   0.470666666667;32   0.470666666667;]
C=0.78: 
 a=[0.015625   0.81;0.03125   0.816666666667;0.0625   0.817333333333;0.125   0.816666666667;0.25   0.812;0.5   0.723333333333;1   0.55;2   0.475333333333;4   0.470666666667;8   0.470666666667;16   0.470666666667;32   0.470666666667;]
C=0.79: 
 a=[0.015625   0.808666666667;0.03125   0.818;0.0625   0.818;0.125   0.817333333333;0.25   0.813333333333;0.5   0.726;1   0.550666666667;2   0.476;4   0.470666666667;8   0.470666666667;16   0.470666666667;32   0.470666666667;]
C=0.8: 
 a=[0.015625   0.808;0.03125   0.819333333333;0.0625   0.816666666667;0.125   0.817333333333;0.25   0.814;0.5   0.728;1   0.550666666667;2   0.476;4   0.470666666667;8   0.470666666667;16   0.470666666667;32   0.470666666667;]
C=0.81: 
 a=[0.015625   0.808666666667;0.03125   0.82;0.0625   0.815333333333;0.125   0.817333333333;0.25   0.814666666667;0.5   0.73;1   0.553333333333;2   0.476;4   0.470666666667;8   0.470666666667;16   0.470666666667;32   0.470666666667;]
C=0.82: 
 a=[0.015625   0.809333333333;0.03125   0.82;0.0625   0.816;0.125   0.818;0.25   0.813333333333;0.5   0.732;1   0.555333333333;2   0.476;4   0.470666666667;8   0.470666666667;16   0.470666666667;32   0.470666666667;]
C=0.83: 
 a=[0.015625   0.809333333333;0.03125   0.82;0.0625   0.815333333333;0.125   0.818;0.25   0.814;0.5   0.732666666667;1   0.559333333333;2   0.476666666667;4   0.470666666667;8   0.470666666667;16   0.470666666667;32   0.470666666667;]
C=0.84: 
 a=[0.015625   0.809333333333;0.03125   0.819333333333;0.0625   0.816;0.125   0.818;0.25   0.814;0.5   0.732;1   0.561333333333;2   0.477333333333;4   0.470666666667;8   0.470666666667;16   0.470666666667;32   0.470666666667;]
C=0.85: 
 a=[0.015625   0.810666666667;0.03125   0.818666666667;0.0625   0.816666666667;0.125   0.817333333333;0.25   0.814;0.5   0.732666666667;1   0.570666666667;2   0.478666666667;4   0.470666666667;8   0.470666666667;16   0.470666666667;32   0.470666666667;]
C=0.86: 
 a=[0.015625   0.810666666667;0.03125   0.818;0.0625   0.818;0.125   0.816;0.25   0.814;0.5   0.736;1   0.588666666667;2   0.48;4   0.470666666667;8   0.470666666667;16   0.470666666667;32   0.470666666667;]
C=0.87: 
 a=[0.015625   0.81;0.03125   0.818;0.0625   0.818;0.125   0.816;0.25   0.812666666667;0.5   0.738;1   0.587333333333;2   0.48;4   0.470666666667;8   0.470666666667;16   0.470666666667;32   0.470666666667;]
C=0.88: 
 a=[0.015625   0.810666666667;0.03125   0.818666666667;0.0625   0.818;0.125   0.815333333333;0.25   0.812666666667;0.5   0.739333333333;1   0.584666666667;2   0.480666666667;4   0.470666666667;8   0.470666666667;16   0.470666666667;32   0.470666666667;]
C=0.89: 
 a=[0.015625   0.812;0.03125   0.818666666667;0.0625   0.818;0.125   0.815333333333;0.25   0.812666666667;0.5   0.743333333333;1   0.584666666667;2   0.481333333333;4   0.470666666667;8   0.470666666667;16   0.470666666667;32   0.470666666667;]
C=0.9: 
 a=[0.015625   0.811333333333;0.03125   0.818666666667;0.0625   0.818;0.125   0.815333333333;0.25   0.811333333333;0.5   0.744666666667;1   0.588;2   0.483333333333;4   0.470666666667;8   0.470666666667;16   0.470666666667;32   0.470666666667;]
C=0.91: 
 a=[0.015625   0.811333333333;0.03125   0.82;0.0625   0.818;0.125   0.815333333333;0.25   0.812;0.5   0.744666666667;1   0.588666666667;2   0.484666666667;4   0.472;8   0.470666666667;16   0.470666666667;32   0.470666666667;]
C=0.92: 
 a=[0.015625   0.812;0.03125   0.819333333333;0.0625   0.818;0.125   0.815333333333;0.25   0.812666666667;0.5   0.746666666667;1   0.589333333333;2   0.483333333333;4   0.472;8   0.470666666667;16   0.470666666667;32   0.470666666667;]
C=0.93: 
 a=[0.015625   0.812;0.03125   0.819333333333;0.0625   0.818;0.125   0.816;0.25   0.812;0.5   0.748666666667;1   0.591333333333;2   0.481333333333;4   0.472;8   0.470666666667;16   0.470666666667;32   0.470666666667;]
C=0.94: 
 a=[0.015625   0.812666666667;0.03125   0.818;0.0625   0.818666666667;0.125   0.816;0.25   0.811333333333;0.5   0.749333333333;1   0.59;2   0.482666666667;4   0.472;8   0.470666666667;16   0.470666666667;32   0.470666666667;]
C=0.95: 
 a=[0.015625   0.812666666667;0.03125   0.818;0.0625   0.819333333333;0.125   0.815333333333;0.25   0.811333333333;0.5   0.750666666667;1   0.592666666667;2   0.484666666667;4   0.472666666667;8   0.470666666667;16   0.470666666667;32   0.470666666667;]
C=0.96: 
 a=[0.015625   0.812666666667;0.03125   0.818;0.0625   0.819333333333;0.125   0.814666666667;0.25   0.812;0.5   0.75;1   0.600666666667;2   0.487333333333;4   0.473333333333;8   0.470666666667;16   0.470666666667;32   0.470666666667;]
C=0.97: 
 a=[0.015625   0.813333333333;0.03125   0.818;0.0625   0.819333333333;0.125   0.815333333333;0.25   0.812;0.5   0.752666666667;1   0.608666666667;2   0.488;4   0.473333333333;8   0.470666666667;16   0.470666666667;32   0.470666666667;]
C=0.98: 
 a=[0.015625   0.813333333333;0.03125   0.818666666667;0.0625   0.819333333333;0.125   0.816;0.25   0.813333333333;0.5   0.756666666667;1   0.618;2   0.491333333333;4   0.474666666667;8   0.470666666667;16   0.470666666667;32   0.470666666667;]
C=0.99: 
 a=[0.015625   0.813333333333;0.03125   0.818;0.0625   0.818;0.125   0.816;0.25   0.812666666667;0.5   0.758;1   0.635333333333;2   0.496;4   0.478666666667;8   0.470666666667;16   0.470666666667;32   0.470666666667;]
C=1.0: 
 a=[0.015625   0.813333333333;0.03125   0.817333333333;0.0625   0.818;0.125   0.816;0.25   0.812666666667;0.5   0.759333333333;1   0.645333333333;2   0.504;4   0.477333333333;8   0.470666666667;16   0.470666666667;32   0.470666666667;]
